26.7
97.7
98.0
104.4
104.5
104.6
104.8
105.0
105.1
105.3
105.4
105.6
105.8
105.9
106.1
106.3
106.4
106.6
106.6
106.2
106.3
106.5
106.6
106.7
106.9
107.0
107.0
107.2
107.2
107.3
107.4
107.4
107.5
107.6
107.6
107.7
107.7
107.7
107.8
107.8
107.9
107.9
108.0
108.0
108.0
108.0
108.0
107.9
107.9
107.9
107.9
107.8
107.8
100.4
107.7
107.7
107.7
107.7
107.8
107.8
107.9
107.9
107.9
107.9
108.0
108.0
108.0
108.1
108.1
108.2
108.2
108.2
108.3
108.3
108.3
108.4
108.4
108.4
108.5
108.5
108.5
108.5
108.5
108.5
108.5
108.4
108.3
92.9
108.5
108.5
108.5
108.2
108.3
108.4
108.5
108.6
108.6
108.7
108.8
108.9
109.0
109.1
109.1
109.1
108.6
108.6
108.6
108.7
108.8
108.8
108.8
108.8
108.9
108.9
109.0
109.0
109.0
109.1
109.1
109.1
109.2
109.2
109.2
109.2
109.3
109.3
109.3
109.3
109.3
109.3
109.2
103.8
104.3
104.8
105.3
105.7
106.2
106.5
106.8
107.1
107.4
107.6
107.8
107.9
108.1
108.2
108.2
108.3
108.4
108.4
108.4
108.5
108.5
108.5
108.6
108.6
108.7
108.7
108.7
108.7
108.7
108.7
108.8
108.8
108.8
108.9
108.9
109.0
109.0
109.1
109.1
109.1
109.2
109.2
109.2
109.2
109.2
109.2
109.1
109.1
109.0
109.0
108.9
108.9
96.1
106.3
106.6
106.4
106.5
106.7
106.9
107.1
107.4
107.6
107.8
108.0
108.1
108.3
108.5
108.6
108.7
108.8
108.8
108.8
108.7
108.1
108.2
108.1
108.2
108.3
108.3
108.3
108.4
108.6
108.7
108.8
108.9
109.1
109.1
109.2
109.2
109.2
109.3
109.4
109.4
109.4
109.4
109.5
109.5
109.5
109.5
109.6
109.6
109.5
109.5
109.5
109.4
109.3
109.2
101.1
107.7
107.7
107.8
107.9
108.1
108.2
108.4
108.5
108.7
108.8
109.0
109.1
109.3
109.3
109.4
109.5
109.6
109.6
109.7
109.9
109.9
110.0
110.1
110.2
110.2
110.3
110.3
110.3
110.3
110.3
110.2
110.2
110.0
109.9
95.6
102.5
109.0
109.0
108.7
108.6
108.6
108.6
108.6
108.6
108.6
108.5
108.5
108.6
108.7
108.7
108.8
108.8
108.8
108.8
108.8
108.9
109.0
109.0
109.0
109.1
109.1
109.1
109.1
109.1
109.0
108.4
108.4
108.4
108.5
108.6
108.6
108.7
108.7
108.8
108.8
108.8
108.8
108.9
108.9
108.9
109.0
109.0
109.1
109.1
109.1
109.2
109.2
109.2
109.3
109.3
109.3
109.3
109.3
109.3
109.3
109.3
109.3
109.4
109.4
109.5
109.5
109.5
109.5
109.6
109.6
109.6
109.6
109.6
109.6
109.6
109.6
109.5
109.5
109.5
109.5
109.5
109.4
109.3
100.6
108.3
108.3
108.5
108.6
108.7
108.8
108.8
108.9
108.9
109.0
109.1
109.1
109.1
109.1
109.2
109.3
109.3
109.3
109.3
109.3
109.4
109.3
109.4
109.5
109.5
109.5
109.5
109.5
109.5
109.6
109.6
109.6
109.6
109.7
109.7
109.7
109.7
109.7
109.7
109.8
109.8
109.8
109.8
109.8
109.8
109.8
109.8
109.8
109.8
109.7
109.7
109.7
91.9
103.8
104.3
104.9
105.4
105.1
105.5
105.9
106.3
106.7
106.9
107.2
107.4
107.6
107.8
108.0
108.1
108.3
108.3
108.4
108.6
108.6
108.5
98.6
107.9
108.0
108.1
108.2
108.3
108.4
108.5
108.6
108.6
108.7
108.7
108.7
108.6
108.6
108.6
108.6
108.6
108.7
108.7
108.7
108.7
108.8
108.8
108.8
108.9
108.9
108.9
108.9
108.9
108.9
109.0
109.0
109.0
108.9
97.9
107.7
107.8
108.0
108.1
108.3
108.4
108.5
108.6
108.7
108.7
108.7
108.7
108.8
108.8
108.8
108.9
108.9
108.9
108.9
109.0
109.0
109.0
109.0
109.0
108.9
108.9
108.9
108.9
108.9
108.9
109.0
109.0
109.0
109.0
93.6
103.5
109.2
109.3
109.3
109.4
109.4
109.5
109.5
109.6
109.7
104.2
109.4
109.4
109.5
109.6
109.7
109.7
109.8
109.8
109.8
109.6
109.7
109.8
109.6
109.7
109.7
109.8
109.9
110.0
110.0
103.8
109.6
109.6
109.7
109.8
109.9
110.0
110.0
110.1
110.1
110.2
110.2
110.2
110.2
110.3
110.2
110.3
110.3
110.3
110.3
110.3
110.3
110.3
110.3
110.3
110.3
110.3
110.4
110.3
110.3
110.4
110.4
110.4
110.4
110.4
110.4
110.4
110.4
110.4
100.2
108.7
108.7
108.9
109.0
109.1
109.2
109.3
109.3
109.4
109.5
109.5
109.6
109.6
109.6
109.6
109.6
109.6
109.7
109.6
109.6
109.7
109.7
109.7
109.7
109.7
109.8
109.8
109.8
109.8
109.8
109.8
109.8
109.8
109.8
109.8
109.7
109.7
109.7
109.6
98.8
109.2
109.2
109.2
109.3
109.4
109.4
109.5
109.5
109.5
109.5
109.5
109.6
109.6
109.6
109.6
109.6
109.7
109.7
109.6
109.7
109.7
109.7
109.7
109.7
109.7
109.7
109.7
109.7
109.7
109.8
109.8
109.8
109.8
109.8
109.8
109.8
109.7
109.8
