26.2
33.6
40.3
48.2
32.6
32.3
32.1
31.9
31.7
31.7
31.8
39.7
39.5
39.2
39.0
38.6
38.3
38.1
44.9
38.0
37.7
38.1
64.4
90.2
97.1
46.3
91.5
98.1
98.1
98.2
98.3
98.3
98.4
98.6
98.7
98.8
98.9
99.0
99.1
99.1
99.1
99.3
99.3
99.3
99.3
99.4
99.4
99.4
99.4
99.5
99.5
99.5
99.6
99.6
99.7
99.7
99.7
99.7
99.7
99.7
99.8
99.8
99.8
99.8
99.8
99.8
99.8
99.8
99.8
99.9
99.9
99.9
100.0
100.0
100.1
100.1
100.1
100.2
100.2
100.2
100.2
100.0
100.1
100.1
100.1
100.2
99.8
99.8
99.8
99.9
99.9
100.0
100.1
100.2
100.2
100.3
100.3
100.3
100.4
100.5
100.5
100.5
100.5
100.6
100.7
100.6
100.7
100.7
100.6
100.6
100.6
100.5
100.5
100.5
100.5
100.6
100.6
100.7
100.6
100.6
100.6
100.6
100.6
100.6
100.6
100.6
100.5
100.5
100.6
100.6
100.7
100.6
100.7
100.7
100.8
100.7
100.8
100.9
100.8
100.9
100.8
100.8
100.9
100.8
100.8
100.8
100.8
100.8
100.8
100.9
100.9
100.7
100.4
100.4
100.5
100.6
100.6
100.2
100.3
100.3
100.1
99.8
99.7
99.8
99.9
99.9
100.0
100.1
100.2
100.2
100.2
100.2
100.3
100.3
100.4
100.4
100.4
100.3
100.3
100.4
100.4
100.4
100.4
100.4
100.4
100.2
100.3
100.3
100.3
100.3
100.2
100.3
100.3
100.4
100.3
100.3
100.2
100.3
100.3
100.4
100.5
100.5
100.4
100.5
100.5
100.6
100.6
100.7
100.7
100.7
100.7
100.7
100.7
100.7
100.7
100.7
100.7
100.7
100.4
100.5
100.5
100.5
100.6
100.6
100.7
100.7
100.7
100.7
100.7
100.8
100.7
100.7
100.8
100.8
100.9
100.9
100.9
100.9
100.8
100.7
100.7
100.7
100.7
100.6
100.6
100.7
100.7
100.7
100.6
100.7
100.6
100.6
100.7
100.8
100.8
100.8
100.8
100.8
100.8
100.8
100.8
100.9
100.9
100.8
100.8
100.9
100.9
100.7
100.8
100.8
100.8
100.8
100.8
100.8
100.9
100.9
100.8
100.6
100.7
100.7
100.7
100.6
100.6
100.6
100.7
100.7
100.7
100.8
100.8
95.4
101.1
101.0
101.0
101.0
101.0
101.0
101.1
100.9
100.9
100.9
100.9
100.9
100.9
100.9
100.9
101.0
100.9
100.9
100.9
100.8
100.8
100.9
100.9
100.8
100.8
100.9
100.9
100.9
100.9
100.9
100.9
100.9
100.9
100.9
100.8
100.9
100.8
94.6
100.6
100.5
100.6
100.6
100.5
100.6
100.6
100.6
100.7
100.7
100.6
100.6
100.6
100.6
100.6
100.7
100.2
100.3
100.3
100.4
100.4
100.4
100.4
100.4
100.4
100.5
100.5
100.5
100.6
100.6
100.7
100.7
100.7
100.7
100.7
100.7
100.7
100.7
100.7
100.6
100.6
100.6
100.6
100.6
100.7
100.7
100.7
100.7
100.8
100.7
100.7
100.7
100.7
100.7
100.7
100.7
100.7
100.7
100.7
100.7
100.7
100.7
100.7
100.7
100.8
100.4
100.5
100.5
100.5
100.6
100.7
100.7
100.7
100.7
100.7
100.7
100.7
100.7
100.8
100.8
100.8
100.6
100.6
100.6
100.6
100.6
100.6
100.7
100.8
100.7
100.7
100.8
100.8
100.8
100.8
100.8
100.9
100.9
100.9
100.9
100.9
100.9
100.8
100.8
100.7
100.8
100.8
100.8
100.7
100.7
100.7
100.7
100.7
100.7
100.4
100.6
100.5
100.6
100.6
100.7
100.7
100.8
100.8
100.8
100.8
100.5
100.6
100.6
100.6
100.6
100.7
100.7
100.7
100.8
100.7
100.8
100.3
100.3
100.3
100.4
100.5
100.6
100.7
100.7
100.7
100.8
100.8
100.8
100.9
100.9
100.8
100.9
100.8
100.9
101.0
100.9
100.9
100.9
101.0
101.0
101.0
100.9
100.9
100.9
100.9
100.9
101.0
101.0
101.0
101.1
101.1
101.1
101.0
101.1
101.0
101.0
101.0
100.9
100.9
100.9
101.0
101.0
101.0
101.0
101.0
100.4
100.4
100.4
100.5
100.6
100.6
100.5
100.6
100.6
100.7
100.7
100.8
100.8
100.8
100.9
100.8
100.9
101.0
101.0
100.9
100.9
101.0
100.9
101.0
101.0
101.0
100.9
100.9
100.9
100.9
100.8
100.8
100.8
100.8
100.8
100.8
100.9
100.9
100.9
100.9
101.0
100.9
101.0
100.9
100.9
101.1
101.0
101.0
101.0
101.0
101.0
101.0
101.0
101.1
101.1
101.1
101.1
101.2
101.2
101.2
101.2
101.2
101.2
101.3
101.3
101.3
101.3
101.3
101.4
101.4
101.4
101.3
101.1
101.2
101.2
101.2
101.3
101.3
101.3
101.3
101.3
101.2
101.1
101.1
101.1
101.1
101.1
101.0
101.1
101.1
101.1
101.1
101.0
101.0
101.0
101.0
101.0
101.0
101.0
101.0
101.0
101.0
101.0
101.0
101.0
101.1
101.1
101.1
101.1
101.1
101.1
101.1
101.2
101.2
101.1
101.1
101.0
101.0
101.0
100.9
100.9
100.9
100.9
100.9
100.8
100.9
101.0
100.9
101.0
100.9
100.9
100.5
100.4
100.5
100.5
100.5
100.6
100.1
100.2
100.3
100.4
100.4
100.5
100.4
100.3
100.4
100.4
100.5
100.6
100.6
100.6
100.7
100.7
100.7
100.6
100.7
100.7
100.8
100.7
100.7
100.8
100.8
100.9
100.9
100.9
100.9
101.0
101.0
100.9
101.0
100.9
101.0
100.9
100.9
101.0
100.9
100.9
101.0
101.0
101.0
101.1
101.1
101.0
101.0
101.1
101.1
101.0
101.0
100.9
100.9
100.9
100.8
100.9
101.0
101.1
101.0
101.0
101.1
101.1
101.1
101.0
101.0
101.0
100.9
100.9
100.9
100.8
100.8
100.9
100.8
100.9
100.9
100.9
100.9
101.0
101.1
101.1
101.2
101.1
101.1
101.1
101.1
101.0
101.0
101.0
101.0
101.0
101.0
101.0
101.0
101.0
101.0
101.0
101.0
101.0
101.1
101.1
101.2
101.2
101.2
101.2
101.2
101.1
101.1
101.1
101.1
101.0
100.5
100.5
100.7
100.8
100.8
100.9
101.0
101.0
101.0
101.1
101.1
101.1
101.1
101.2
101.1
101.1
101.0
101.1
101.1
101.0
101.0
101.0
101.0
100.9
100.7
100.8
100.8
100.8
100.9
100.9
100.9
100.9
101.0
100.9
101.0
100.9
100.9
100.9
101.0
100.9
101.0
101.0
101.0
100.9
101.0
100.8
100.5
100.6
100.7
100.7
100.8
100.9
101.0
101.0
101.0
101.0
101.0
101.0
101.0
100.9
101.0
101.0
101.0
101.0
101.0
101.0
101.0
101.0
101.0
101.0
101.0
101.0
101.0
101.1
101.1
101.0
101.1
101.0
101.0
100.9
100.9
100.9
101.0
100.9
101.0
101.0
101.1
101.0
101.0
100.9
100.9
100.9
101.0
101.0
101.1
101.1
101.2
101.1
101.2
101.0
101.0
101.1
101.1
101.1
101.0
100.9
100.9
100.9
100.9
100.9
101.0
101.0
101.0
101.1
101.0
100.9
100.9
100.9
101.0
101.0
101.0
101.0
100.5
100.5
100.5
100.6
100.6
100.2
100.3
100.4
100.5
100.5
100.5
100.6
100.6
100.7
100.7
100.8
100.9
100.8
100.8
100.9
100.9
101.0
101.0
101.0
101.1
101.2
101.2
101.2
101.2
101.2
101.1
101.1
101.1
101.1
101.1
101.1
101.0
101.0
101.0
100.9
100.9
101.0
100.9
100.9
101.0
100.9
101.0
100.9
100.9
101.0
100.9
100.9
100.9
100.9
101.0
101.0
101.1
101.0
101.0
100.9
101.0
100.9
100.9
100.9
101.0
100.9
100.9
100.9
100.9
100.9
91.5
101.1
101.0
101.0
101.0
101.0
101.0
101.0
101.0
101.0
101.0
101.0
101.0
101.0
101.0
101.0
101.0
100.9
100.8
100.8
100.8
100.8
100.8
100.8
100.8
100.8
100.8
100.9
100.9
100.8
100.8
100.9
100.8
100.9
100.9
100.9
100.9
101.0
100.9
100.9
100.9
100.9
100.9
100.8
100.8
100.8
100.9
100.8
100.7
100.7
100.4
100.4
100.4
100.5
100.4
100.6
100.6
100.6
100.6
100.6
100.6
100.6
100.5
100.5
100.6
100.5
100.5
100.5
100.5
100.6
100.6
100.6
100.7
100.7
100.7
100.7
100.7
100.7
100.7
100.7
100.7
100.6
100.6
100.6
100.6
100.6
100.7
100.7
100.7
100.9
100.9
100.9
100.8
100.9
100.9
100.9
101.0
101.0
100.9
101.0
101.0
101.0
101.0
101.0
101.1
101.0
100.4
100.5
100.5
100.7
100.7
100.7
100.7
100.8
100.8
100.9
101.1
101.1
101.2
101.2
101.2
101.2
101.2
101.2
101.2
101.2
101.2
101.1
101.1
101.1
101.1
101.1
101.1
101.1
101.0
101.0
100.9
100.9
101.0
101.0
101.0
100.9
100.9
100.9
100.9
101.0
101.0
101.0
101.0
100.9
100.9
100.9
100.9
100.9
100.8
100.9
101.0
101.0
101.0
100.9
100.8
100.8
100.8
100.8
100.8
100.9
100.7
100.8
100.9
100.8
100.9
100.8
100.7
100.7
100.8
100.9
100.9
100.9
100.9
101.0
100.9
100.9
101.0
100.9
101.0
100.9
101.0
101.1
101.1
101.1
101.1
101.0
101.0
101.1
101.1
101.1
101.1
101.0
101.0
101.0
101.0
100.9
100.9
100.9
101.0
101.0
101.1
101.0
100.9
101.0
101.0
101.0
101.1
101.0
101.1
101.1
101.1
101.1
101.1
101.1
101.0
101.1
101.1
101.1
101.0
101.0
101.0
100.7
100.7
100.6
100.7
100.7
100.6
100.6
100.6
100.6
100.6
100.7
100.6
100.6
100.6
100.7
100.7
100.6
100.7
100.7
100.7
100.8
100.7
100.6
100.6
100.6
100.6
100.6
100.7
100.7
100.7
100.7
100.7
100.7
100.7
100.8
100.8
100.9
100.9
101.0
101.0
100.9
101.0
100.9
100.9
100.7
100.8
100.8
100.8
100.7
100.8
100.8
100.9
100.8
100.8
100.8
90.2
100.6
100.6
100.6
100.6
100.7
100.8
100.8
100.9
100.9
100.9
100.9
101.0
101.0
101.0
101.0
101.0
101.0
101.0
101.0
100.9
100.9
100.9
101.0
100.9
101.0
101.0
101.0
101.0
101.1
101.0
101.0
100.9
100.9
100.8
100.8
100.9
100.8
100.6
100.6
100.7
100.7
100.7
100.7
100.7
100.8
100.8
100.8
100.7
100.8
100.8
100.7
77.8
52.8
52.8
52.6
52.4
52.3
52.1
52.2
52.1
39.9
50.1
50.2
50.5
50.8
51.1
51.2
50.7
50.9
51.0
51.3
51.3
51.5
37.2
30.1
30.1
30.4
30.6
30.8
74.0
67.4
60.3
52.0
51.8
51.6
51.5
51.3
64.9
95.6
95.8
96.0
96.0
96.3
96.6
96.8
97.0
97.3
97.5
97.6
97.6
97.3
74.4
85.4
85.9
93.8
87.1
96.9
97.1
97.3
97.5
97.7
97.5
97.7
97.7
97.9
98.0
98.2
98.3
98.4
98.5
98.6
98.7
98.6
98.6
98.7
98.7
98.7
91.7
92.2
98.6
98.5
98.6
98.6
98.4
98.4
98.5
98.6
98.7
98.7
98.8
98.9
99.0
99.0
99.0
99.0
99.1
99.2
99.2
99.3
99.2
99.3
99.4
99.4
99.4
99.3
99.3
99.3
99.2
99.2
99.3
99.1
99.0
99.0
99.1
99.1
99.2
99.2
99.3
99.3
99.4
99.4
98.8
98.8
98.8
98.9
99.0
99.1
99.2
99.3
99.4
99.5
99.4
99.3
99.3
99.3
99.3
99.3
99.3
99.4
99.5
99.5
99.6
99.7
99.7
99.8
99.8
99.8
99.7
92.9
98.3
98.4
98.6
98.8
98.8
99.0
99.2
99.3
99.4
99.5
98.9
98.9
98.9
99.1
99.2
99.3
99.4
99.3
99.2
99.2
99.3
99.3
99.4
99.5
99.6
99.7
99.6
99.6
99.6
99.7
99.3
87.5
49.9
39.9
52.6
57.8
44.9
37.6
37.2
37.7
43.0
43.1
36.8
36.9
37.1
45.7
54.9
34.3
34.4
50.3
49.8
33.2
33.2
32.9
32.7
32.4
32.1
31.9
31.7
31.8
31.8
31.7
31.5
31.4
31.2
31.2
31.1
31.0
31.2
31.3
31.4
31.6
31.6
31.8
63.0
74.2
37.2
36.9
37.1
36.9
37.0
36.9
37.0
36.9
36.5
30.9
30.9
30.7
31.0
31.2
31.2
31.1
31.1
31.0
31.1
31.3
31.5
31.3
31.2
31.1
31.1
31.3
37.0
31.8
32.2
38.0
37.8
37.6
37.7
