33.2
47.6
55.3
70.7
75.9
75.9
75.9
76.0
76.0
76.2
76.4
76.6
76.6
69.4
75.9
75.9
76.0
76.1
61.9
49.0
77.8
77.7
77.5
77.3
77.3
69.8
76.9
76.8
76.9
77.0
77.2
77.3
49.3
60.5
76.3
76.3
76.6
70.7
76.9
76.9
77.0
77.0
77.1
77.1
77.0
77.0
77.0
77.0
69.4
61.9
49.5
77.3
77.3
77.4
77.3
77.3
77.2
77.2
77.2
77.2
71.3
78.4
78.4
78.3
78.2
78.1
77.9
77.8
77.9
77.8
55.9
55.6
73.4
73.8
74.2
74.5
74.7
75.0
75.2
75.4
75.6
75.8
75.3
75.5
75.7
75.7
75.7
66.9
49.3
69.4
76.1
76.1
76.1
76.1
75.9
75.8
75.8
75.9
75.9
76.2
76.3
76.3
76.3
76.4
76.4
76.2
76.3
76.4
76.4
76.4
68.2
49.5
69.0
77.1
77.1
77.1
77.1
76.7
76.7
76.7
76.8
76.8
76.7
76.8
76.8
76.8
76.9
76.8
76.6
76.6
76.7
76.9
77.0
77.0
77.1
77.2
77.2
77.1
76.7
76.7
76.7
76.6
76.6
76.6
76.6
76.6
76.6
76.2
49.7
63.4
73.2
73.5
73.9
74.2
74.5
74.8
75.0
75.3
75.5
75.6
75.8
75.5
75.8
75.9
76.0
76.1
76.2
76.2
76.3
76.4
62.4
49.5
78.4
71.1
76.7
76.6
76.7
76.6
76.6
76.6
76.7
76.7
76.8
76.2
76.3
76.3
76.3
58.2
52.2
76.3
76.3
76.4
76.5
76.7
76.9
69.8
76.5
76.5
76.5
76.4
76.4
76.5
76.6
76.7
76.7
76.7
69.8
77.1
77.0
77.0
77.0
77.0
77.1
49.5
62.6
76.3
76.2
76.3
69.6
76.1
76.1
76.2
76.4
76.6
76.7
76.9
76.8
76.7
69.6
77.1
77.1
77.0
77.0
77.0
77.2
77.3
77.3
77.2
77.1
70.3
70.7
49.9
63.8
76.7
76.7
76.8
76.9
76.8
76.7
76.6
76.7
69.2
76.3
76.3
76.5
76.5
76.9
49.7
60.7
76.7
76.7
76.7
76.6
70.1
77.3
77.3
77.3
77.4
77.3
77.3
77.2
77.2
68.4
49.3
70.1
70.3
77.1
77.0
77.0
76.9
76.9
76.9
76.9
76.9
76.9
70.9
71.3
77.3
77.4
77.3
77.3
77.3
77.3
77.3
77.3
77.3
76.9
76.9
76.9
76.9
54.7
54.7
77.3
77.3
77.3
77.3
77.3
77.4
77.0
77.0
77.0
77.1
77.1
77.1
77.2
77.2
77.3
77.2
77.4
77.1
77.1
77.1
77.1
77.2
58.2
52.2
76.5
76.5
76.7
76.9
77.1
71.3
76.9
76.8
76.8
76.8
76.8
76.9
76.9
77.0
77.1
76.6
76.7
76.8
76.8
76.8
76.9
76.9
76.8
76.9
77.1
77.3
76.8
76.8
76.8
76.7
76.7
59.4
50.5
77.3
77.3
77.4
77.4
77.5
69.8
76.7
76.6
76.7
76.7
76.8
76.9
77.2
64.2
49.3
76.1
76.1
69.8
77.3
77.3
77.3
77.3
77.4
77.7
77.8
77.8
77.7
69.8
77.3
77.2
77.2
77.2
77.2
77.4
77.5
77.6
49.5
62.1
76.5
69.6
77.1
77.1
77.1
77.3
77.4
77.5
77.5
77.4
77.3
77.2
69.8
76.9
76.9
76.9
77.2
77.4
77.6
77.8
77.8
77.9
70.9
77.1
77.1
77.2
61.9
49.5
79.0
78.9
78.7
78.5
78.3
78.2
70.3
78.0
78.0
78.0
78.1
78.2
78.2
78.1
78.0
77.9
77.7
70.3
77.8
77.9
78.0
78.1
78.2
78.2
78.1
50.3
59.7
76.9
76.9
70.3
78.4
78.4
78.4
78.5
78.4
78.3
78.1
77.9
77.8
69.6
77.5
77.7
64.2
74.8
75.2
75.6
75.3
75.7
76.1
76.3
76.6
76.6
76.6
76.6
76.7
76.6
71.3
78.6
78.6
78.5
78.4
50.3
59.4
76.3
76.3
76.3
76.4
76.5
76.1
76.3
76.4
76.4
76.5
76.6
76.6
76.7
76.8
77.0
71.5
78.6
78.5
78.5
78.2
78.1
78.0
53.2
53.5
76.5
76.5
76.5
76.2
76.3
76.4
76.4
76.5
76.5
76.6
76.5
76.5
76.5
76.5
76.2
76.3
76.4
76.5
76.7
76.7
76.7
77.0
76.3
49.0
65.9
77.3
76.8
76.9
76.9
76.9
76.9
76.9
76.9
76.9
76.9
77.0
76.8
76.6
76.6
76.6
76.7
76.8
76.8
76.8
76.8
76.8
60.3
49.7
