26.4
75.3
85.9
85.9
86.0
86.1
86.2
86.3
86.4
86.4
86.6
86.6
86.7
86.8
86.9
87.0
87.1
87.2
87.3
87.4
87.4
87.5
87.5
87.6
87.6
87.6
87.7
87.7
87.8
87.7
87.8
87.8
87.9
87.9
87.9
87.9
87.9
88.0
88.0
88.0
88.0
88.0
88.0
88.1
88.1
88.0
88.1
88.1
88.1
88.1
88.2
88.2
88.2
88.2
88.2
88.2
88.2
88.2
88.3
88.3
88.3
88.3
88.3
88.3
88.3
88.3
88.3
88.3
88.3
88.3
88.3
88.3
88.3
88.3
88.3
88.4
88.4
88.4
88.4
88.4
88.4
88.4
88.4
88.4
88.4
88.4
88.4
88.5
88.4
88.5
88.5
88.4
88.5
88.5
88.5
88.5
88.5
88.5
88.5
88.5
88.5
88.6
88.5
88.6
88.5
88.6
88.6
88.6
88.6
88.6
88.6
88.6
88.6
88.6
88.6
88.6
88.6
88.6
88.6
88.6
88.6
88.6
88.6
88.6
88.7
88.6
88.7
88.7
88.6
88.6
88.6
88.6
88.6
88.6
88.7
88.7
88.6
88.6
88.7
88.7
88.7
88.7
88.7
88.7
88.7
88.7
88.7
88.7
88.6
88.6
88.6
88.6
88.6
88.7
88.7
88.7
88.7
88.7
88.7
88.7
88.7
88.7
88.7
88.7
88.7
88.7
88.7
88.7
88.7
88.7
88.8
88.6
88.6
88.4
88.3
88.3
88.1
87.8
76.5
76.5
76.4
76.4
76.4
76.4
76.4
67.6
61.5
50.5
50.3
