26.3
43.8
64.2
102.9
102.9
103.1
103.3
103.4
103.6
103.8
103.9
104.1
104.2
104.4
104.5
104.7
104.9
105.0
105.2
105.3
105.4
105.5
105.7
105.7
105.8
105.9
106.0
106.1
106.1
106.1
106.1
106.1
105.9
105.9
105.9
105.8
105.9
105.9
106.0
106.0
106.1
106.1
106.1
106.1
106.1
106.0
105.8
105.7
105.7
105.7
105.7
105.7
105.9
106.0
106.1
106.2
106.2
106.3
106.4
106.4
106.5
106.6
106.7
106.7
106.8
106.9
106.9
106.9
106.9
107.0
107.0
107.0
107.0
107.0
107.0
107.0
107.0
107.1
107.0
106.9
107.0
107.0
107.0
107.1
107.1
107.1
107.1
107.1
107.1
107.1
107.2
107.2
107.1
107.2
107.2
107.2
107.2
107.2
107.2
107.2
107.2
