26.0
26.1
26.1
26.1
26.1
26.0
26.1
26.1
26.1
26.1
26.1
38.4
47.4
47.4
47.4
47.5
47.4
47.5
47.5
47.5
47.5
35.7
26.2
26.1
26.1
26.1
26.1
26.0
26.0
26.1
26.1
26.4
47.6
47.5
47.5
47.6
47.6
47.6
47.6
47.6
47.6
47.3
26.4
26.3
26.3
26.2
26.2
26.1
26.1
26.1
26.1
26.1
42.8
43.3
43.9
44.4
44.8
45.1
45.4
45.7
45.9
46.1
31.4
26.0
26.0
25.9
26.0
26.0
26.0
26.0
25.9
26.0
36.4
47.2
47.2
47.2
47.2
47.3
47.3
47.3
47.4
47.4
38.0
26.0
26.0
25.9
26.0
26.0
25.9
26.0
25.9
26.0
26.4
47.4
47.3
47.3
47.4
47.4
47.4
47.4
47.4
47.4
47.0
26.4
26.3
26.3
26.2
26.2
26.2
26.2
26.1
26.1
26.1
43.0
43.5
43.9
44.4
44.7
45.1
45.3
45.6
45.8
