26.4
45.3
45.9
52.4
73.4
73.1
72.6
61.5
67.6
54.0
53.4
53.4
66.9
76.3
38.2
45.1
63.4
35.1
34.8
48.2
27.6
49.5
76.7
76.2
76.5
76.9
76.6
63.4
56.9
29.7
46.5
55.3
69.0
69.3
74.4
63.4
71.3
48.6
58.8
50.3
64.2
77.1
64.9
73.6
58.2
33.6
34.2
77.1
76.7
76.9
77.2
77.3
61.7
61.2
32.0
55.3
55.3
73.4
73.3
65.7
58.8
76.7
51.3
51.2
51.0
71.1
71.4
47.2
46.6
54.5
43.0
75.7
55.3
77.1
76.7
77.0
77.2
77.0
61.1
50.9
35.3
55.5
55.6
74.2
74.0
73.4
65.9
55.5
55.9
50.1
59.0
73.6
48.4
48.3
38.0
49.0
49.5
49.2
36.1
35.8
35.5
35.1
35.1
53.4
77.8
77.3
77.2
77.4
77.0
76.4
50.9
28.9
38.0
55.5
55.7
76.3
70.9
63.4
63.8
53.2
65.1
50.3
60.9
75.3
75.8
76.2
76.7
76.7
76.6
77.1
77.4
64.2
