26.7
32.2
32.4
43.6
43.7
43.9
44.3
44.7
45.2
45.5
45.4
45.4
45.7
45.8
45.7
40.5
70.9
94.6
94.6
94.8
94.8
94.9
94.9
94.9
94.5
94.4
94.2
94.0
93.5
88.2
88.4
89.0
94.4
94.5
94.6
94.7
94.8
94.6
94.5
94.6
94.5
94.6
94.5
94.6
94.6
94.7
94.8
94.9
94.9
95.1
95.2
95.4
95.4
95.5
95.8
96.0
96.3
96.2
96.3
96.4
96.4
96.4
96.4
96.4
96.4
96.4
96.6
96.4
96.4
96.4
96.5
96.1
96.0
95.8
95.8
95.8
95.7
95.8
95.8
95.9
95.9
96.0
96.0
96.0
95.9
86.1
57.2
50.3
50.3
50.3
50.3
50.3
50.2
50.1
50.0
50.0
49.9
49.9
49.9
49.8
49.7
49.7
49.6
49.7
49.6
49.5
50.0
