26.0
26.0
26.0
26.0
26.0
26.0
26.0
26.0
26.0
26.0
26.0
38.4
38.9
39.4
39.9
40.3
40.7
41.0
41.2
41.5
41.7
30.9
30.2
29.7
29.2
28.8
28.4
28.1
27.8
27.6
27.4
35.5
43.0
43.0
43.0
43.0
43.0
43.0
43.0
43.0
43.0
34.1
26.0
26.0
26.0
26.0
26.1
26.0
26.3
26.3
26.2
33.4
43.0
43.0
43.0
43.0
43.0
43.0
43.1
43.1
43.1
36.6
26.2
26.1
26.1
26.1
26.1
26.1
26.1
26.0
26.0
26.1
41.8
42.0
42.1
42.2
42.3
42.4
42.5
42.6
42.7
42.8
27.6
27.4
27.2
27.0
26.9
26.7
26.6
26.6
26.5
26.4
36.6
43.2
43.2
43.2
43.2
43.2
43.2
43.2
43.2
43.2
32.8
26.2
26.2
26.1
26.1
26.0
26.0
26.0
26.0
26.0
34.1
43.0
43.0
43.0
43.0
43.0
43.1
43.0
43.1
