26.2
26.3
26.2
26.2
26.2
26.1
26.1
26.1
26.0
26.1
26.0
35.1
43.2
43.2
43.2
43.2
43.3
43.3
43.3
43.3
43.4
34.9
26.0
26.0
25.9
25.9
25.9
25.9
25.9
25.9
25.9
26.5
43.4
43.4
43.5
43.5
43.5
43.5
43.5
43.6
43.6
43.1
26.0
26.0
26.0
25.9
25.9
25.9
26.0
26.0
26.0
26.1
43.4
43.4
43.4
43.4
43.4
43.4
43.4
43.4
43.4
43.3
26.4
26.3
26.2
26.1
26.1
26.1
26.1
26.0
26.0
26.0
38.8
39.3
39.8
40.3
40.7
41.1
41.4
41.6
41.8
42.1
30.7
30.1
29.6
29.1
28.7
28.3
28.0
27.7
27.5
27.3
36.4
43.2
43.2
43.3
43.3
43.3
43.3
43.4
43.4
43.4
33.9
26.0
26.0
25.9
25.9
25.9
25.9
25.9
26.0
25.9
26.5
43.2
43.2
43.3
43.3
43.4
43.4
43.4
43.4
