27.0
52.6
92.5
92.5
92.6
92.8
93.2
93.3
93.3
93.5
93.6
93.8
94.0
94.1
94.2
94.3
94.3
94.2
94.3
94.4
94.6
94.6
94.5
94.7
94.8
94.8
94.8
94.9
94.8
94.9
95.1
94.4
50.5
58.2
99.4
80.2
99.6
98.9
89.6
97.1
86.3
91.9
92.2
92.3
92.7
93.0
93.3
93.4
93.5
93.7
93.8
93.9
94.0
94.2
94.2
94.3
94.5
94.5
94.5
94.7
94.8
94.8
94.8
94.8
94.7
94.8
94.8
94.9
94.8
94.7
94.9
95.0
95.0
94.9
94.8
94.8
94.9
84.8
74.4
55.3
50.1
49.4
49.4
49.8
99.0
99.0
90.2
98.3
98.5
98.7
98.8
98.9
98.9
84.4
96.5
97.0
97.5
97.6
98.0
98.3
82.3
82.7
94.0
94.0
94.2
94.4
94.7
94.8
94.8
95.0
95.1
95.3
95.4
95.4
95.4
95.4
95.7
95.8
96.0
96.1
96.2
96.2
96.2
96.0
95.9
96.1
96.3
96.4
96.4
96.2
96.2
96.2
96.3
96.4
96.6
96.6
96.6
96.5
96.4
96.3
96.2
96.2
95.9
96.0
96.0
95.9
95.9
96.0
95.9
95.9
95.9
95.8
95.7
95.6
95.6
95.7
95.8
95.8
96.0
96.1
96.0
95.6
95.4
95.5
95.5
95.6
95.6
95.8
95.9
96.0
96.1
96.1
96.1
95.9
95.8
95.7
95.9
96.0
95.9
95.9
95.8
95.9
96.2
96.3
96.5
96.5
96.5
96.3
96.3
96.4
96.3
96.4
96.5
96.5
96.6
96.5
96.5
96.6
96.6
96.6
96.6
96.8
96.5
96.4
96.4
96.3
96.6
96.6
86.5
58.6
51.5
51.4
51.3
51.3
51.2
51.2
51.1
51.0
51.0
