26.3
71.1
80.2
80.7
81.1
81.2
81.3
81.5
71.5
71.0
70.6
70.2
69.9
69.7
69.4
69.2
69.0
68.8
68.6
68.5
68.3
68.3
68.2
68.3
68.2
68.1
68.0
68.0
68.0
67.9
67.9
67.9
67.8
67.8
67.9
67.8
67.8
67.8
67.8
67.8
67.8
67.8
67.8
67.8
67.8
67.9
67.8
67.9
67.9
67.9
67.9
68.0
67.9
67.9
68.0
68.1
68.3
68.3
68.3
68.2
68.2
68.3
68.2
68.2
68.2
68.2
68.2
68.2
68.3
68.2
68.2
68.3
68.2
68.3
68.3
68.2
68.3
68.3
68.3
68.3
68.3
68.4
68.4
68.4
68.4
68.4
68.4
68.4
68.5
68.5
68.5
68.5
68.5
68.5
68.6
68.6
68.6
68.6
68.6
68.6
68.3
68.1
68.0
67.8
67.7
67.5
67.4
67.5
67.7
67.8
67.9
68.0
68.1
68.3
68.4
68.5
68.5
68.5
68.5
68.6
68.6
68.7
68.7
68.7
68.8
68.8
68.8
68.8
68.8
68.8
68.8
68.8
68.8
68.9
68.9
68.9
68.9
68.9
68.9
68.9
69.0
69.0
69.0
69.0
69.0
69.0
69.0
69.0
69.0
69.0
69.0
69.0
69.0
69.1
69.0
69.0
69.1
69.1
69.1
69.1
69.1
69.1
69.2
69.1
69.2
69.1
69.1
69.2
69.1
69.1
69.2
69.2
69.2
69.2
69.2
69.2
69.2
69.2
69.2
69.2
69.2
69.2
69.2
69.2
69.2
69.2
69.2
69.2
69.2
69.2
69.2
69.2
69.2
69.3
69.2
69.2
69.2
69.2
69.2
69.2
69.2
69.2
69.1
69.2
69.2
69.2
69.1
69.2
69.1
69.1
69.2
69.1
69.1
69.1
69.1
69.1
69.1
69.1
69.1
69.1
69.1
69.1
69.0
69.0
69.1
69.0
69.0
69.1
69.0
69.1
69.1
69.0
69.0
69.1
69.0
69.0
69.0
69.0
69.0
69.0
69.0
69.0
69.0
69.0
69.0
69.0
69.0
69.1
69.0
69.0
69.1
69.0
69.0
69.0
69.0
69.0
69.0
69.0
69.0
69.0
69.0
69.0
69.0
69.0
69.0
69.0
69.0
69.0
69.0
69.0
