26.2
40.3
40.7
41.2
41.6
41.9
42.2
42.4
42.7
42.8
43.0
43.2
43.3
43.5
43.6
43.6
43.7
43.8
43.8
43.9
43.9
44.0
44.0
44.0
44.0
44.1
44.1
44.1
44.1
44.2
44.2
44.2
44.2
44.2
44.2
44.3
44.3
44.3
44.3
44.3
44.3
44.3
44.3
44.3
44.3
44.3
44.3
44.3
44.3
44.3
44.3
44.3
44.3
44.4
44.3
44.4
44.3
44.4
44.3
44.3
44.4
44.4
44.3
44.3
44.3
44.3
44.3
44.3
44.4
44.4
44.3
44.3
44.3
44.3
44.3
44.3
44.3
44.3
44.3
44.3
44.3
44.3
44.3
44.3
44.3
44.3
44.3
44.3
44.3
44.3
44.3
44.3
44.3
44.3
44.3
44.3
44.3
44.3
44.3
44.3
44.3
44.3
44.3
44.3
44.3
44.3
44.3
44.3
44.3
44.3
44.3
44.3
44.2
44.2
44.2
44.3
44.3
44.3
44.3
44.2
44.2
44.2
44.3
44.2
44.3
44.3
44.3
44.2
44.3
44.3
44.3
44.3
44.3
44.3
44.3
44.3
44.3
44.3
44.3
44.3
44.3
44.3
44.3
44.3
44.3
44.3
44.3
44.3
44.3
44.3
44.3
44.3
44.3
44.3
44.3
44.2
44.3
44.3
44.3
44.3
44.2
44.2
44.2
44.2
44.3
44.3
44.3
44.3
44.3
44.2
44.3
44.3
44.3
44.3
44.3
44.3
44.3
44.3
44.3
44.3
44.3
44.3
44.2
44.3
44.3
44.2
44.2
44.3
44.3
44.2
44.2
44.3
44.2
44.2
44.3
44.3
44.3
44.3
44.3
44.3
44.3
44.3
44.3
44.3
44.3
44.3
44.3
44.3
44.3
44.3
44.4
44.3
44.4
44.3
44.4
44.3
44.3
44.3
44.3
44.3
44.3
44.3
44.3
44.3
44.3
44.3
44.3
44.3
44.3
44.3
44.3
44.3
44.3
44.2
44.2
44.2
44.3
44.3
44.2
44.2
44.3
44.2
44.3
44.3
44.3
44.2
44.3
44.3
44.3
44.3
44.3
44.3
44.3
44.2
44.3
44.3
44.2
44.3
44.2
44.2
44.2
44.3
44.2
44.2
44.2
44.3
44.3
44.2
44.2
44.3
44.2
44.2
44.3
44.3
44.3
44.3
44.3
44.2
44.3
44.2
44.3
44.3
44.3
44.3
44.3
44.2
44.2
44.3
44.3
44.2
44.3
44.3
44.2
44.3
44.3
44.3
44.3
44.3
44.3
44.3
44.3
44.3
44.3
44.3
44.3
44.3
44.3
44.3
44.3
44.3
44.3
44.3
44.3
44.3
44.3
44.3
44.3
44.3
