26.7
62.6
62.9
63.2
63.4
63.4
63.6
63.8
64.0
64.0
64.0
64.0
63.9
63.9
64.0
64.0
64.2
64.3
64.4
64.5
64.6
64.7
64.8
64.7
64.8
64.9
65.0
65.0
65.1
65.1
65.1
65.1
65.1
65.0
65.1
65.1
65.2
65.3
65.2
65.3
65.3
65.4
65.6
65.4
65.3
65.2
65.2
65.2
65.3
65.4
65.3
65.3
65.3
65.3
65.3
65.5
65.7
65.9
65.9
65.8
65.6
65.6
65.6
65.5
65.5
65.5
65.7
65.6
65.6
65.7
65.7
65.6
65.5
65.5
65.5
65.5
65.4
65.5
65.5
65.5
65.5
65.5
65.6
65.6
65.6
65.4
65.3
65.4
65.3
65.4
65.5
65.4
65.4
65.5
65.4
65.3
65.6
65.9
57.6
57.1
67.1
66.8
66.7
66.8
66.7
66.4
66.3
66.5
66.4
66.1
66.0
65.9
65.8
65.8
65.9
65.8
65.9
65.8
65.8
65.8
65.8
65.8
65.8
65.7
65.8
65.9
65.9
66.2
66.2
66.2
66.2
66.3
66.5
66.7
66.6
66.7
66.6
66.4
66.3
66.3
66.3
66.1
66.1
66.0
65.9
66.0
65.9
65.7
65.8
65.9
65.9
66.0
66.1
66.0
66.1
66.0
66.1
66.1
66.1
66.1
66.1
66.2
66.2
66.0
66.0
66.1
66.0
66.2
66.1
66.2
66.1
66.2
66.1
66.2
66.4
66.3
66.2
66.2
66.2
66.2
66.1
66.1
66.2
66.2
66.3
66.3
66.3
66.3
66.2
66.0
65.8
65.8
66.0
66.0
65.4
64.9
64.6
53.8
60.9
66.5
66.5
66.4
66.3
66.4
66.5
66.7
66.7
66.8
66.9
67.0
67.1
67.1
67.2
67.2
67.1
66.9
66.8
66.6
66.6
66.5
66.5
66.3
66.2
66.2
66.2
66.3
66.3
66.2
66.2
66.1
66.3
66.3
66.3
66.4
66.3
66.4
66.5
66.5
66.4
66.4
66.3
66.1
66.1
66.2
66.1
66.1
66.1
66.0
66.0
66.0
65.9
65.9
66.1
66.2
66.2
66.1
66.2
66.3
66.4
66.6
66.7
66.7
66.7
66.7
66.6
66.4
66.6
66.6
66.6
66.6
66.7
66.5
66.5
66.5
66.5
66.6
66.7
66.9
66.9
66.8
66.8
66.7
66.6
66.6
66.6
66.5
66.3
66.4
66.4
66.4
66.5
66.5
66.5
66.4
65.9
60.7
55.3
66.5
66.6
66.7
66.6
66.7
66.7
66.7
66.9
66.8
66.7
67.0
67.1
66.9
66.9
67.0
67.0
67.1
67.0
66.9
67.0
67.0
67.1
67.1
67.1
67.2
67.2
67.3
67.4
67.2
67.0
66.7
66.7
66.5
66.6
66.5
66.4
66.3
66.2
66.2
66.2
66.4
66.6
66.9
67.0
67.1
67.3
67.2
67.1
66.9
66.9
67.1
67.3
67.3
67.3
67.4
67.5
67.5
67.3
67.4
67.2
67.2
67.1
66.9
66.7
66.6
66.9
67.1
67.2
67.3
67.1
67.0
67.0
66.8
66.7
66.9
66.9
66.9
66.9
66.9
66.8
66.9
66.7
66.6
66.7
66.9
66.9
67.0
67.3
67.5
67.6
67.4
67.3
67.2
66.9
60.1
