26.4
27.0
32.8
33.3
33.5
41.6
41.2
40.7
48.8
73.0
92.9
93.1
86.9
95.9
74.8
95.2
80.9
89.4
75.3
60.5
50.7
71.5
96.9
97.0
96.9
96.8
96.6
96.5
96.4
96.3
65.1
90.9
91.5
74.6
54.7
68.8
55.3
96.1
96.2
54.7
100.4
100.5
100.0
99.9
99.8
99.7
99.6
99.5
99.3
99.3
99.3
99.4
99.5
99.2
99.2
99.2
99.2
99.1
99.2
99.0
99.0
99.0
99.0
98.9
99.0
99.2
99.3
99.4
99.7
99.7
99.9
99.9
100.0
100.1
100.0
99.9
99.7
99.6
99.6
99.4
99.3
99.2
99.2
99.2
99.1
99.0
98.9
98.9
98.9
93.1
93.6
94.2
94.7
95.2
95.6
96.0
96.4
96.5
96.9
97.1
97.4
97.5
97.7
97.9
98.1
98.3
98.5
98.5
98.5
98.7
98.8
99.0
85.2
74.8
64.4
64.3
64.0
64.0
74.0
73.7
73.4
73.2
45.5
33.9
44.5
44.9
45.2
45.7
46.1
46.1
40.5
40.2
40.2
39.8
39.5
39.5
48.4
48.4
41.6
91.5
100.2
100.1
100.2
99.8
99.6
99.8
100.0
100.2
100.5
100.8
101.0
101.3
93.4
51.3
51.0
33.9
34.0
33.9
66.1
97.9
98.0
98.1
98.2
86.1
77.8
77.5
61.7
45.1
45.7
46.2
46.6
46.9
94.8
75.0
50.7
50.7
61.7
98.3
98.4
98.5
98.6
81.3
98.3
98.3
98.3
98.4
98.5
98.7
99.0
99.3
99.4
99.7
99.8
99.9
99.4
77.8
63.6
53.8
53.4
53.1
65.3
97.5
97.4
97.7
98.2
98.6
99.1
99.0
98.8
98.7
98.7
98.4
91.5
62.8
51.1
51.1
50.7
69.8
75.5
50.1
39.7
39.7
60.9
99.4
99.4
99.5
99.7
99.8
99.8
99.9
100.0
100.2
100.2
100.3
100.4
100.6
100.6
100.7
100.8
100.9
101.0
100.9
101.0
100.8
100.9
100.9
101.0
101.0
100.8
65.1
94.4
100.2
100.2
100.2
71.9
57.4
49.9
37.2
91.5
99.0
60.5
70.7
98.3
63.4
62.8
99.0
99.0
99.1
99.1
99.1
99.2
99.2
99.2
99.2
99.1
99.1
99.1
99.1
99.1
99.1
77.1
84.6
98.6
98.6
53.2
52.7
40.5
40.5
96.9
97.0
58.4
30.7
36.6
49.0
48.4
81.1
95.0
71.3
51.5
51.1
59.4
59.5
84.8
90.0
95.2
94.7
94.7
88.4
97.9
97.9
98.0
90.9
91.2
98.3
98.3
86.9
53.4
53.3
67.8
67.6
67.9
99.2
99.3
99.3
99.4
99.5
99.5
99.5
99.5
99.6
99.6
99.6
99.8
99.5
99.6
99.7
99.8
99.8
99.9
100.0
99.8
99.9
100.0
100.1
100.3
100.4
100.4
100.3
100.3
100.3
100.2
100.3
100.4
100.4
100.5
100.6
100.7
100.7
100.7
100.7
100.7
100.7
100.7
100.6
100.7
70.9
59.9
51.3
51.3
51.4
51.2
51.1
50.7
50.5
50.3
38.8
45.7
54.0
53.5
53.1
52.8
52.7
52.3
52.0
51.8
51.7
51.5
51.4
