38.0
50.9
50.7
50.4
50.7
51.0
50.8
50.8
51.0
50.6
50.0
49.5
49.0
48.5
48.1
69.2
94.8
94.8
94.9
95.0
95.0
95.1
95.2
95.3
95.4
95.5
95.5
95.6
95.7
95.7
95.8
95.9
95.9
96.0
96.0
96.0
96.1
96.1
96.1
96.2
96.2
96.2
96.2
96.2
96.3
96.3
96.3
96.3
96.3
96.4
96.4
96.4
96.4
96.4
96.4
96.4
96.4
96.4
96.4
96.4
96.4
96.5
96.4
96.5
96.5
96.5
96.5
96.5
96.5
96.5
96.5
96.6
96.6
96.6
96.6
96.6
96.6
96.6
96.6
96.6
96.6
96.6
96.6
96.6
96.7
96.7
96.7
96.7
96.7
96.7
96.7
96.7
96.7
96.7
96.7
96.7
96.7
96.7
96.7
96.7
96.7
96.7
96.8
96.7
96.8
96.8
96.8
96.8
96.7
96.8
96.8
96.7
96.7
96.8
96.8
96.8
96.8
96.8
96.8
96.8
96.8
96.8
96.8
96.8
96.8
96.8
96.8
96.8
96.8
96.8
96.8
96.8
96.8
96.8
96.8
96.8
96.7
96.8
96.7
96.8
96.8
96.7
96.8
96.8
96.8
96.8
96.8
