26.1
42.2
34.7
34.2
33.8
33.5
33.1
32.9
32.5
32.2
32.0
31.8
31.6
31.5
31.4
31.3
31.1
31.0
30.9
30.8
30.8
30.7
30.6
30.7
30.6
30.5
30.5
30.5
30.5
30.5
30.4
30.4
30.4
30.4
30.4
30.4
30.4
30.4
30.4
30.4
30.4
30.4
30.4
30.4
30.2
30.1
30.0
29.9
29.8
29.7
29.6
29.5
29.5
29.5
29.4
29.4
29.3
29.3
29.3
29.3
29.3
29.3
29.3
39.3
30.5
30.4
30.4
30.4
30.4
30.3
30.3
30.2
30.2
30.2
30.1
30.1
30.1
30.0
30.0
30.0
30.0
30.0
30.0
29.9
29.9
29.9
29.9
29.9
29.9
29.8
29.9
29.9
30.0
29.9
29.9
30.3
37.4
30.1
30.0
30.0
30.0
29.9
29.9
29.9
29.9
29.9
29.7
29.6
29.5
29.5
29.5
29.5
29.5
29.5
29.5
29.4
29.3
29.3
29.3
29.3
29.3
29.3
29.3
29.4
29.4
39.7
47.0
47.0
46.9
46.7
46.6
46.5
35.3
35.0
34.7
34.5
34.1
33.9
33.6
33.5
33.3
32.9
32.5
32.1
31.8
31.4
31.2
31.0
30.8
30.6
30.5
30.3
30.5
30.6
30.4
30.4
30.5
30.6
30.8
30.7
30.7
30.7
30.9
31.0
31.1
31.0
31.1
31.2
31.3
31.4
31.3
31.1
30.9
30.7
30.6
30.4
30.3
30.2
30.1
30.1
30.2
30.2
30.2
30.3
30.4
30.5
30.5
30.5
30.3
30.3
30.2
30.2
30.2
30.1
30.2
30.4
30.5
30.5
30.4
30.5
30.5
30.4
30.4
30.5
30.5
30.4
30.3
30.3
30.2
30.2
30.1
30.1
30.1
30.0
30.0
30.1
30.2
30.4
30.4
30.6
30.5
30.5
30.4
30.4
30.3
30.2
30.2
30.1
30.0
30.2
30.3
30.3
30.3
30.2
30.2
30.1
30.1
30.0
30.2
30.3
30.5
30.5
30.6
30.6
30.7
30.7
30.6
30.7
30.6
30.7
30.7
30.7
30.6
30.7
30.6
30.4
30.4
30.3
30.2
30.2
30.1
30.0
30.0
30.1
30.1
30.2
30.2
30.2
30.2
30.1
30.0
29.9
30.0
29.9
29.9
29.8
29.8
29.8
29.8
29.7
29.7
29.7
29.7
29.7
29.8
29.7
29.7
29.7
29.7
29.7
29.7
29.6
29.6
29.7
29.9
30.0
29.9
29.9
29.9
29.9
29.9
29.8
29.9
29.8
29.8
29.8
29.8
29.8
29.9
29.9
29.9
29.9
30.2
30.3
30.4
30.7
30.6
30.5
30.4
30.4
30.4
30.4
30.5
30.5
30.6
30.7
30.6
30.5
30.5
30.4
30.3
30.1
30.1
30.2
30.3
30.5
30.5
30.6
30.7
30.7
30.7
30.6
30.7
30.7
30.5
30.4
30.3
30.3
30.2
30.0
29.9
29.7
29.7
29.7
29.7
29.7
29.8
29.8
29.6
29.5
29.4
29.2
29.1
29.1
29.2
29.3
29.3
29.3
29.1
29.1
29.1
29.2
29.3
29.3
29.5
29.5
29.5
29.5
29.5
29.5
29.5
29.6
29.6
29.6
29.6
29.7
29.6
29.6
29.6
29.7
29.7
29.8
29.7
29.7
29.8
29.7
29.7
29.7
29.7
29.7
29.7
29.7
29.7
29.7
29.7
29.7
29.6
29.5
29.5
29.5
29.4
29.5
29.5
29.6
29.5
29.6
29.7
29.7
29.7
29.7
29.7
29.8
29.8
29.8
29.8
29.8
29.8
29.9
29.8
29.8
29.9
29.8
29.8
29.9
29.9
29.8
29.9
29.8
29.8
29.9
29.9
29.8
29.8
29.8
29.8
29.8
29.8
29.8
29.8
29.7
29.8
29.8
29.8
29.8
29.8
29.8
29.9
29.8
29.8
29.8
29.8
29.7
29.8
29.8
29.7
29.8
29.8
29.8
29.8
29.8
29.7
29.8
29.7
29.7
29.7
29.6
29.7
29.7
29.7
29.7
29.7
29.7
29.8
29.7
29.6
29.6
29.6
29.7
29.7
29.7
29.7
29.7
29.6
29.7
29.6
29.7
29.7
29.7
29.5
29.5
29.4
29.4
29.7
45.9
45.9
45.9
45.9
45.8
45.7
45.6
45.6
45.6
37.0
30.5
30.4
30.3
30.3
30.2
30.2
30.2
30.2
30.2
30.1
30.1
30.1
30.1
30.0
30.1
30.1
30.1
30.1
30.1
30.0
30.1
30.1
30.1
30.1
30.1
30.0
30.0
30.0
30.0
29.9
29.9
29.9
29.9
29.9
29.9
29.9
29.9
29.9
29.9
29.9
29.9
30.0
29.8
29.7
29.5
29.5
29.5
29.4
29.3
29.4
29.4
29.4
29.3
29.3
29.3
29.2
29.1
29.1
29.2
29.2
29.2
29.1
40.3
30.5
30.4
30.4
30.3
30.3
30.3
30.3
30.3
30.2
30.2
30.2
30.1
30.1
30.1
30.1
30.1
30.1
30.1
30.0
30.0
29.9
29.9
29.9
29.9
29.9
29.9
29.9
29.9
29.8
29.9
29.9
29.9
29.9
29.9
29.9
29.9
29.9
29.9
29.9
29.9
29.8
29.8
29.8
29.6
29.5
29.4
29.5
29.6
29.4
29.3
29.2
29.2
29.2
29.2
29.2
29.3
29.3
29.3
29.2
29.3
29.2
29.4
47.2
47.0
