26.5
42.0
48.6
73.8
83.4
94.0
86.5
70.9
60.5
89.0
88.6
89.1
89.1
68.8
59.9
60.0
60.0
83.0
95.4
95.8
96.1
89.0
55.3
76.7
63.8
80.5
35.5
56.1
47.2
47.1
46.8
46.9
47.2
47.4
47.6
47.4
47.2
47.5
47.6
47.7
28.2
49.0
49.0
48.9
48.9
49.0
49.0
49.0
49.0
49.0
49.0
48.9
48.9
31.6
47.2
47.3
47.6
47.8
48.0
48.5
91.1
91.4
91.9
92.2
92.6
93.0
93.2
93.4
93.6
93.9
94.2
94.5
94.7
94.9
95.0
95.1
95.2
95.3
95.3
95.4
95.5
95.7
95.7
95.8
95.8
96.0
96.1
96.0
96.2
96.2
96.3
96.3
96.2
96.2
96.4
96.5
96.5
96.4
96.5
96.4
96.3
96.4
96.4
96.5
96.4
96.5
96.4
96.6
96.5
96.4
96.5
96.4
96.4
96.4
96.5
96.4
96.4
96.4
96.5
96.7
96.5
96.5
96.7
96.7
96.6
96.6
96.6
96.7
96.4
96.1
81.3
50.7
56.5
51.1
51.1
51.1
61.5
93.8
79.4
96.1
96.0
96.0
95.9
96.0
96.1
