26.5
39.5
39.2
39.6
32.2
31.7
31.4
31.1
31.3
31.0
30.6
30.4
39.3
39.3
39.0
39.2
33.2
33.1
40.5
32.8
33.2
33.1
33.1
40.9
40.4
29.3
37.2
44.9
32.6
43.6
33.2
44.1
44.4
44.5
44.7
45.0
45.6
46.2
46.6
46.8
47.1
47.5
47.8
47.8
47.8
48.3
48.2
48.5
48.9
49.4
49.8
49.3
49.1
49.6
49.7
49.7
49.9
49.8
49.5
49.6
49.9
50.0
50.4
50.5
50.5
50.5
50.6
50.8
50.4
50.0
49.6
41.6
47.8
47.9
48.3
48.4
48.5
48.7
48.9
49.1
48.5
48.5
48.8
49.2
49.4
49.8
50.2
50.0
50.0
49.4
49.7
50.0
49.6
49.9
50.1
50.2
50.2
50.5
50.6
50.7
50.7
50.9
51.0
51.1
51.3
51.3
51.2
51.3
45.3
45.6
46.1
52.4
52.2
52.3
52.3
52.2
52.0
52.0
51.8
51.8
51.5
51.3
51.4
51.7
51.8
