26.2
34.7
34.3
34.1
33.8
47.0
69.0
90.9
90.8
90.7
90.7
90.6
90.5
90.5
90.5
90.4
90.5
90.5
90.4
90.4
90.4
90.4
90.5
90.5
90.5
90.4
90.5
90.6
90.6
90.7
90.8
90.8
90.8
90.8
90.8
90.7
90.7
90.7
90.7
90.7
90.7
90.8
90.8
90.8
90.9
90.8
90.9
90.9
90.9
90.8
90.8
90.7
90.7
90.6
90.5
90.5
90.6
90.5
90.5
90.5
90.5
90.5
90.5
90.5
90.5
90.5
90.4
90.4
90.4
90.3
90.2
90.2
90.1
90.1
89.9
90.0
89.9
89.8
89.8
89.8
89.7
89.7
89.7
89.7
89.6
89.6
89.7
89.6
89.6
89.6
89.6
89.7
89.7
89.7
89.7
89.8
89.8
89.8
89.8
89.9
89.9
89.8
89.8
89.7
89.7
89.7
89.6
89.5
89.5
89.4
89.3
89.2
89.2
89.2
89.2
89.1
89.0
88.9
89.0
88.9
88.8
88.7
88.7
88.7
88.5
88.4
88.3
88.4
88.2
88.2
88.2
88.1
88.0
88.0
87.9
88.0
87.9
87.9
87.9
87.8
87.9
87.9
87.8
87.8
87.8
87.7
87.8
87.9
87.8
87.8
87.8
87.8
87.8
87.7
87.7
87.7
87.7
87.7
87.7
87.7
87.8
87.8
87.7
87.8
87.8
87.7
87.7
87.8
87.8
87.8
87.8
87.9
87.9
88.0
88.1
88.1
88.1
88.1
88.0
88.0
88.1
88.0
87.9
87.9
87.8
87.8
87.8
87.8
87.8
87.7
87.7
87.6
87.6
87.6
87.5
87.5
87.5
87.6
87.7
87.7
87.7
87.8
87.7
87.8
87.8
87.8
87.8
87.9
88.1
88.2
88.3
88.3
88.4
88.4
88.5
88.5
88.5
88.5
88.5
88.5
88.4
88.3
88.4
88.3
88.3
88.3
88.3
88.2
88.3
88.2
88.2
88.2
88.2
88.2
88.1
88.1
88.1
88.0
88.1
88.0
88.0
87.9
87.9
87.8
87.9
87.8
87.9
87.9
88.0
88.0
88.0
88.0
88.0
88.1
88.2
88.3
88.3
88.3
88.3
88.3
88.3
88.2
88.2
88.1
88.1
88.0
88.0
88.0
88.0
88.0
88.0
87.9
87.9
87.9
87.9
88.0
87.9
87.9
87.9
87.8
87.7
87.7
87.7
87.7
87.7
87.7
87.7
87.7
87.7
87.7
87.6
87.5
87.5
87.4
87.4
87.4
87.4
87.4
87.3
87.4
87.3
87.3
87.3
87.3
87.2
87.1
87.1
87.1
87.1
87.0
87.0
86.9
86.9
86.9
86.9
86.9
86.9
86.9
86.8
86.8
86.8
86.8
86.8
86.8
86.8
86.7
86.7
86.6
86.6
86.6
86.6
86.5
86.5
86.4
86.4
86.4
86.4
86.3
86.3
86.2
86.2
86.1
86.1
85.9
85.9
85.9
85.9
85.9
85.8
85.8
85.8
85.8
85.8
85.7
85.7
85.8
85.8
85.8
85.9
85.8
85.9
86.0
86.1
86.0
86.0
86.1
86.2
86.2
86.3
86.3
86.3
86.3
86.4
86.5
86.4
86.4
86.5
86.4
86.4
86.4
86.5
86.7
86.8
86.8
86.9
86.9
87.0
87.0
87.0
87.1
87.1
87.1
87.1
87.1
87.1
87.2
87.2
87.2
87.2
87.2
87.3
87.6
87.7
87.7
87.7
87.8
87.8
87.9
87.9
87.9
87.9
88.0
88.0
87.9
88.0
88.0
87.9
87.8
87.8
87.7
87.7
87.6
87.6
87.6
87.5
87.5
87.6
87.6
87.5
87.6
87.6
87.7
87.7
87.9
88.0
88.0
88.1
88.1
88.2
88.2
88.3
88.3
88.4
88.5
88.6
88.6
88.5
88.6
88.6
88.5
88.7
88.8
88.9
88.9
88.9
88.9
88.9
89.0
89.0
89.1
89.1
89.1
89.1
89.1
89.1
89.1
89.1
89.1
89.1
89.0
89.0
89.0
88.9
88.7
88.7
88.5
88.2
88.0
87.9
87.8
81.1
80.6
80.2
79.8
79.5
79.3
79.1
78.8
78.7
78.6
78.4
78.3
78.1
78.0
77.9
77.8
77.7
77.6
77.6
77.5
77.5
77.4
77.3
77.3
77.3
77.2
77.2
77.1
77.1
77.0
77.0
77.0
77.0
77.0
77.1
77.1
77.1
77.0
77.0
77.0
77.0
65.1
64.8
64.6
64.4
64.2
64.0
63.9
63.8
63.6
63.6
63.4
63.4
63.3
63.3
63.2
63.2
63.1
63.1
63.1
63.0
63.0
55.9
50.7
50.7
50.7
50.3
75.3
96.1
96.0
96.2
96.3
96.4
96.2
78.4
54.5
54.0
95.6
95.7
95.8
96.0
96.1
96.3
95.8
66.1
50.9
69.0
96.7
96.6
96.7
96.8
96.9
96.9
85.0
55.9
