26.1
26.1
26.1
26.0
26.1
26.1
26.0
26.0
26.0
26.0
26.0
49.9
50.0
50.1
50.2
50.3
50.4
50.5
50.6
50.7
50.8
50.8
50.9
50.9
50.9
51.0
51.0
51.1
51.1
51.1
51.1
51.2
51.2
51.2
51.2
51.2
51.2
51.3
51.3
51.3
51.3
32.8
26.0
26.0
26.0
26.0
26.0
25.9
26.0
26.0
26.0
26.0
26.2
26.3
26.3
26.2
26.4
26.6
26.5
26.4
26.7
26.6
26.5
26.4
26.4
26.4
26.3
26.3
26.3
26.3
26.2
26.2
26.2
26.2
26.1
26.1
26.1
26.1
26.1
26.0
26.0
25.9
25.9
25.9
25.9
25.9
25.9
25.9
26.0
26.0
26.0
26.1
26.2
26.2
26.1
26.1
26.0
26.0
26.0
26.0
26.0
26.0
25.9
26.0
26.0
26.1
26.0
26.1
26.1
26.1
26.1
26.1
26.1
36.6
36.8
37.5
36.9
25.7
25.9
25.9
25.9
25.9
26.2
26.2
26.2
26.3
26.2
26.2
26.1
26.1
26.1
26.1
26.1
26.0
26.0
26.0
26.0
26.1
26.1
26.1
26.1
26.1
26.0
26.2
26.2
26.2
26.2
26.2
26.2
26.1
26.1
26.1
26.1
26.1
26.1
26.0
26.1
26.0
26.0
26.1
26.1
26.2
26.2
26.2
26.1
26.1
26.1
26.0
26.2
wattsup: [error] Reading final time stamp: Bad address
30.7
30.6
30.6
wattsup: [error] Blech. Giving up on read: Bad address
wattsup: [error] Reading final time stamp: Bad address
