39.5
85.9
86.2
86.6
86.9
87.2
87.5
87.7
88.0
88.3
88.5
88.7
88.8
88.9
89.0
89.0
89.1
89.1
89.2
89.3
89.3
89.4
89.4
89.5
89.5
89.6
89.7
89.7
89.8
89.8
89.8
89.9
89.9
90.1
90.1
90.1
90.2
90.2
90.2
90.2
90.2
90.2
90.1
90.1
90.0
90.0
89.9
89.9
89.9
89.8
89.8
89.8
89.8
89.8
89.8
89.8
89.8
89.9
89.9
89.9
90.0
90.0
90.1
90.1
90.0
90.1
90.0
90.0
90.0
90.1
90.1
90.2
90.2
90.2
90.3
90.3
90.2
90.3
90.3
90.3
90.3
90.3
90.3
90.3
90.3
90.4
90.3
90.3
90.3
90.4
90.4
90.4
90.4
90.4
90.5
90.4
90.4
90.4
90.4
90.4
90.4
90.3
90.3
90.3
90.2
90.2
90.2
90.3
90.3
90.3
90.3
90.3
90.3
90.3
90.2
90.3
90.3
90.3
90.3
90.3
90.3
90.3
90.4
90.3
90.3
90.3
90.3
90.4
90.4
90.4
90.4
90.4
90.4
90.3
90.3
90.3
90.3
90.2
90.3
90.2
90.2
90.2
90.2
90.2
90.2
90.2
90.2
90.2
90.3
90.3
90.3
90.3
90.3
90.3
90.4
90.3
90.3
90.3
90.3
90.3
90.2
90.1
90.2
90.2
90.1
90.1
90.1
90.0
90.1
90.1
90.0
90.0
90.0
90.0
90.1
90.1
90.1
90.1
90.1
90.0
90.0
90.1
90.1
90.2
90.2
90.2
90.2
90.2
90.2
90.3
90.3
90.2
90.2
90.2
90.2
90.2
90.1
90.1
90.1
90.1
90.1
90.1
90.1
90.2
90.2
90.2
90.3
90.2
90.2
90.3
90.3
90.3
90.3
90.2
90.3
90.3
90.2
90.2
89.7
80.0
79.9
73.4
63.8
63.8
