36.8
70.1
69.7
69.6
69.3
68.9
68.6
68.4
67.9
67.6
67.6
57.2
50.1
50.0
50.0
50.0
49.9
49.9
49.9
49.9
49.9
49.9
49.9
49.8
49.8
49.8
49.9
49.8
49.8
49.8
49.8
49.9
49.8
49.8
49.8
49.8
49.8
49.8
49.8
49.8
49.8
49.8
49.8
49.7
49.8
49.8
49.8
49.7
49.7
49.7
49.7
49.7
49.8
49.8
49.8
49.7
49.7
49.7
49.7
49.7
49.7
49.7
49.7
49.7
49.7
49.7
49.7
49.6
49.6
49.6
49.7
49.7
49.6
49.6
49.6
49.6
49.6
49.6
49.6
49.6
49.6
49.6
49.7
49.6
49.6
49.6
49.6
49.6
49.6
49.6
49.6
49.6
49.6
49.5
49.5
49.6
49.6
49.6
49.5
49.5
49.6
49.6
49.6
49.6
49.6
49.6
49.5
49.5
49.6
49.5
49.6
49.5
49.5
49.6
49.6
49.6
49.6
49.5
49.5
49.5
49.5
49.5
49.6
49.6
49.6
49.6
49.6
49.6
49.5
49.6
49.6
49.6
49.5
49.5
49.6
49.5
49.5
49.6
49.6
49.5
49.6
49.6
49.6
49.6
49.5
49.6
49.6
49.6
49.6
49.6
49.6
49.6
49.6
49.6
49.6
49.6
49.6
49.6
49.6
49.6
49.6
49.6
49.6
49.5
49.6
49.6
49.6
49.6
49.5
49.5
49.6
49.6
49.5
49.5
49.6
49.6
49.6
49.6
49.6
49.6
49.5
49.5
49.6
49.6
49.5
49.5
49.6
49.6
49.6
49.6
49.6
49.6
49.6
49.6
49.6
49.6
49.6
49.6
49.6
49.7
49.6
49.6
49.7
49.7
49.7
49.6
49.6
49.6
49.6
49.6
49.6
49.6
49.6
49.6
49.6
49.6
49.6
49.6
49.6
49.6
49.6
49.6
49.6
49.7
49.7
49.6
49.6
49.7
49.7
49.6
49.6
49.6
49.6
49.7
49.7
49.6
49.6
49.7
49.7
49.7
49.6
49.6
49.6
49.6
49.6
49.6
49.7
49.6
49.6
49.6
49.6
49.6
49.6
49.6
49.6
49.6
49.6
49.6
49.6
49.6
49.6
49.6
49.6
49.6
49.6
49.6
49.6
49.6
49.6
49.6
49.6
49.6
49.6
49.6
49.6
49.6
49.6
49.7
49.6
49.6
49.6
49.6
49.6
49.6
49.6
49.6
49.6
49.6
49.6
49.6
49.6
49.6
49.6
49.6
49.6
49.6
49.7
49.6
49.6
49.6
49.6
49.6
49.5
49.4
49.3
48.7
48.6
48.6
