26.4
49.3
56.7
56.7
56.8
56.9
57.0
57.2
57.3
57.5
57.6
57.7
57.8
57.9
57.9
57.9
57.8
57.7
57.7
57.7
57.7
57.7
57.9
57.9
58.0
58.1
58.1
58.1
58.2
58.1
58.0
57.9
57.9
57.9
57.9
58.0
58.1
58.1
58.2
58.2
58.3
58.3
58.3
58.2
58.1
58.0
58.0
58.0
58.0
58.0
58.1
58.2
58.3
58.3
58.3
58.3
58.4
58.2
58.1
58.1
58.0
58.0
58.0
58.0
58.1
58.2
58.3
58.3
58.3
58.3
58.3
58.2
58.2
58.1
58.1
58.0
58.0
58.1
58.2
58.3
58.3
58.3
58.4
58.4
58.4
58.3
58.2
58.1
58.1
58.1
58.1
58.2
58.3
58.3
58.4
58.4
58.5
58.5
58.5
58.4
58.3
58.2
58.2
58.1
58.1
58.2
58.3
58.3
58.4
58.4
58.4
58.4
58.5
58.4
58.3
58.2
58.2
58.1
58.1
58.3
58.3
58.4
58.5
58.5
58.5
58.6
58.6
58.5
58.4
58.3
58.2
58.2
58.2
58.3
58.4
58.4
58.5
58.5
58.5
