27.0
27.0
26.9
26.8
26.7
26.6
26.4
26.4
26.3
26.3
26.3
33.6
42.8
42.8
42.8
42.8
42.8
42.9
42.9
42.9
42.9
35.5
26.0
26.0
26.0
26.0
25.9
25.9
25.9
26.0
26.0
31.2
42.8
42.8
42.8
42.9
42.9
42.9
42.9
42.9
42.9
37.8
26.0
26.0
26.0
25.9
25.9
25.9
25.9
25.9
25.9
26.4
42.8
42.8
42.8
42.9
42.9
43.0
43.0
43.0
43.0
42.7
26.2
26.1
26.1
26.1
26.0
26.0
26.0
26.1
26.1
26.0
42.4
42.5
42.5
42.6
42.7
42.7
42.8
42.9
42.9
42.9
27.2
27.0
26.9
26.7
26.6
26.6
26.5
26.4
26.4
26.3
36.4
43.0
43.0
43.0
43.1
43.0
43.1
43.1
43.1
43.1
33.2
26.0
26.0
25.9
26.0
25.9
25.9
26.0
26.0
26.0
26.5
43.0
43.0
43.0
43.0
43.1
43.0
43.0
43.1
