26.8
27.1
27.0
26.9
26.8
26.7
26.6
26.6
26.5
26.5
26.4
26.4
43.0
43.1
43.2
43.3
43.4
43.4
43.5
43.5
43.6
43.7
28.2
27.9
27.7
27.5
27.4
27.2
27.1
26.9
26.8
26.8
27.4
43.6
43.5
43.5
43.6
43.6
43.6
43.6
43.7
43.7
38.4
26.4
26.3
26.3
26.3
26.2
26.2
26.2
26.2
26.1
26.1
42.8
42.8
43.0
43.1
43.1
43.2
43.3
43.3
43.4
43.4
27.6
27.4
27.2
27.0
26.9
26.8
26.7
26.6
26.5
26.5
35.7
43.4
43.4
43.4
43.4
43.4
43.4
43.4
43.4
43.5
34.1
26.2
26.1
26.1
26.1
26.1
26.0
26.0
26.0
26.0
33.0
43.2
43.2
43.2
43.2
43.2
43.2
43.2
43.3
43.3
36.8
26.0
26.0
26.0
26.0
26.0
26.1
26.1
26.1
26.0
26.6
43.2
43.2
43.2
43.2
43.3
43.2
43.2
43.3
