42.0
65.5
79.6
79.6
79.6
79.7
79.7
79.8
79.9
79.9
80.0
80.0
80.1
80.1
80.2
80.3
80.4
80.5
80.7
80.8
80.9
80.9
80.8
80.8
80.7
80.8
80.8
80.8
80.8
80.8
80.8
80.8
80.7
80.6
80.5
80.5
80.4
80.4
80.3
80.3
80.2
80.2
80.2
80.1
80.1
80.1
80.1
80.1
80.1
80.0
80.0
80.0
80.0
80.0
80.0
80.0
80.0
80.0
80.0
80.0
80.0
80.0
80.0
80.0
80.0
80.0
80.1
80.1
80.1
80.1
80.1
80.2
80.3
80.3
80.4
80.4
80.5
80.5
80.6
80.6
80.7
80.7
80.6
80.6
80.5
80.5
80.4
80.4
80.4
80.3
80.4
80.3
80.3
80.2
80.2
80.2
80.1
80.1
80.1
80.1
80.0
80.1
79.5
79.8
80.0
80.2
80.4
80.5
80.7
80.8
80.9
81.0
81.0
81.0
81.1
81.2
81.1
81.2
81.2
81.2
81.3
81.3
81.1
80.9
80.7
80.6
80.4
80.3
80.3
80.2
80.1
80.0
80.0
80.0
80.0
80.0
79.9
80.0
79.9
79.9
79.9
79.9
79.9
79.8
79.8
79.8
79.8
79.8
79.7
79.7
79.8
79.7
79.7
79.7
79.7
79.7
79.7
79.7
79.7
79.7
79.7
79.7
79.8
79.7
79.7
79.7
79.7
79.7
79.7
79.7
79.7
79.7
79.7
79.7
79.7
79.7
79.7
79.7
79.7
79.7
79.7
79.8
79.8
79.7
79.7
79.7
79.7
79.6
79.6
79.7
79.7
79.7
79.6
79.7
79.7
79.7
79.7
79.7
79.7
79.7
79.8
79.8
79.4
79.7
80.0
80.2
80.4
80.5
80.6
80.8
80.9
81.0
81.0
81.1
81.1
81.2
81.2
81.2
81.3
81.3
81.3
81.4
81.3
81.1
80.9
80.7
80.6
80.5
80.4
80.3
80.2
80.1
80.1
80.1
80.0
80.0
80.0
80.0
80.0
80.0
80.0
80.0
80.0
79.9
79.9
79.9
79.8
79.8
79.8
79.8
79.7
79.8
79.7
79.7
79.8
79.8
79.8
79.8
79.8
79.8
79.8
79.8
79.8
79.8
79.8
79.7
79.7
79.7
79.7
79.7
79.6
79.6
79.6
79.7
79.7
79.7
79.7
79.7
79.7
79.7
79.7
79.7
79.7
79.7
79.7
79.7
79.7
79.7
79.7
79.7
79.7
79.7
79.7
79.7
79.7
79.7
79.7
79.7
79.7
79.7
79.7
79.7
79.2
79.4
79.7
79.9
80.0
80.2
80.3
80.5
80.6
80.7
80.7
80.8
80.9
81.0
81.0
81.1
81.1
81.2
81.2
81.2
81.2
81.2
81.2
81.2
81.2
81.2
81.2
81.2
81.2
81.2
81.2
81.0
80.9
80.7
80.6
80.5
80.4
80.3
80.2
80.1
80.1
80.0
80.0
79.9
79.9
79.9
79.8
79.8
79.8
79.8
79.8
79.7
79.7
79.7
79.7
79.7
79.7
79.6
79.6
79.7
79.7
79.6
79.6
79.6
79.6
79.6
79.6
79.6
79.6
79.6
79.6
79.6
79.6
79.6
79.7
79.7
79.7
79.6
79.6
79.6
79.6
79.6
79.6
79.6
79.7
79.6
79.7
79.7
79.6
79.7
79.7
79.6
79.6
79.6
79.6
79.6
79.6
79.6
79.7
79.6
79.6
79.4
79.7
80.0
80.2
80.4
80.6
80.8
80.9
81.0
81.1
81.2
81.3
81.3
81.4
81.4
81.5
81.6
81.6
81.6
81.6
81.6
81.7
81.7
81.8
81.8
81.8
81.9
81.9
81.9
81.9
81.7
81.5
81.2
81.0
80.9
80.8
80.6
80.5
80.4
80.3
80.3
80.3
80.3
80.3
80.3
80.3
80.4
80.4
80.4
80.4
80.3
80.3
80.2
80.1
80.1
80.1
80.0
80.0
80.0
80.0
80.0
79.9
79.9
79.9
79.9
79.9
79.9
79.8
79.8
79.8
79.8
79.8
79.8
79.7
79.7
79.7
79.7
79.6
79.6
79.7
79.6
79.6
79.6
79.6
79.6
79.6
79.6
79.6
79.6
79.6
79.6
79.6
79.6
79.7
79.7
79.7
79.7
79.7
