26.7
42.8
43.4
43.9
49.0
49.0
49.1
48.7
32.8
40.3
40.6
48.4
48.5
48.4
38.6
92.9
93.1
93.2
93.3
93.5
93.8
94.1
94.3
94.5
94.7
94.7
94.7
94.8
94.7
94.9
95.1
95.2
95.2
95.3
95.3
95.3
95.3
95.4
95.6
95.7
95.8
95.7
95.8
95.9
96.0
96.1
96.3
96.4
96.5
96.5
96.4
96.4
96.4
96.4
96.4
96.4
96.3
96.3
96.3
96.4
96.5
96.5
96.3
96.4
96.4
96.4
96.4
96.5
96.6
96.4
96.4
96.4
96.3
96.2
96.2
96.3
96.2
96.3
96.3
96.3
96.4
96.4
96.4
96.3
96.4
96.3
96.1
96.2
96.4
96.3
96.2
96.3
96.3
96.3
96.3
96.4
96.6
96.6
70.3
70.3
94.4
94.6
94.8
94.8
94.8
94.9
94.8
94.7
94.9
94.9
95.0
94.9
95.2
95.2
95.2
95.2
95.3
95.2
95.3
95.2
95.2
95.2
95.4
95.5
95.5
95.4
95.2
95.0
94.8
94.9
95.1
95.1
95.2
95.1
95.3
95.4
95.3
95.2
95.1
95.1
95.2
95.1
95.1
95.1
95.4
95.6
95.8
95.7
95.4
95.3
95.2
95.3
95.3
95.1
95.2
95.2
95.1
95.1
94.9
95.1
95.0
94.9
94.8
94.7
94.9
94.7
94.8
94.8
95.0
94.9
95.0
94.9
94.9
94.9
95.0
95.0
95.2
95.3
95.4
95.3
95.2
95.2
95.5
95.4
95.3
95.3
95.5
95.4
95.4
95.3
95.3
95.2
95.3
95.3
95.4
95.4
95.4
95.3
95.1
94.9
95.1
95.3
95.5
95.7
95.8
95.9
95.9
95.7
95.7
95.6
95.8
95.7
95.8
95.8
95.6
95.5
95.4
95.6
95.6
95.7
95.7
95.6
95.5
95.4
95.6
95.6
95.5
95.5
95.5
95.5
95.6
95.8
95.7
95.5
95.4
95.4
95.3
95.4
95.4
95.3
95.2
95.2
95.2
95.3
95.3
95.3
95.2
95.0
94.9
95.0
95.0
95.3
95.3
95.1
94.9
95.1
95.2
95.3
95.4
95.4
95.5
95.5
95.5
95.4
95.4
95.2
95.0
94.9
94.9
95.2
95.4
95.5
95.5
95.3
95.2
95.2
95.4
95.6
95.5
95.4
95.4
95.5
95.5
95.6
95.5
95.6
95.5
95.4
95.4
95.5
95.4
95.4
95.3
95.4
95.1
95.2
95.2
95.1
95.0
95.0
95.0
95.1
95.0
94.8
94.8
95.0
95.0
95.1
95.1
95.1
94.9
95.1
95.2
95.2
95.0
95.0
94.9
94.7
94.9
95.1
95.1
95.3
95.2
95.1
95.2
95.5
95.6
95.3
95.0
95.0
95.1
95.1
95.1
95.1
94.9
95.0
95.1
95.1
94.9
94.9
94.8
94.8
94.8
94.7
94.7
94.5
94.5
94.7
94.8
95.0
94.9
94.8
94.7
94.7
94.9
95.0
95.1
95.3
95.2
94.9
94.8
95.0
95.0
95.0
94.9
94.9
95.0
95.1
94.9
94.7
94.6
94.7
94.8
94.9
94.9
94.9
94.9
94.8
95.0
95.3
95.2
95.1
95.0
95.1
95.1
95.0
94.9
94.7
94.9
94.9
95.0
95.1
95.3
95.1
95.1
95.0
95.3
95.3
95.3
95.2
95.3
95.5
95.5
95.5
95.4
95.3
95.4
95.3
95.5
95.7
95.6
95.5
95.5
95.5
95.5
95.6
95.6
95.4
95.3
95.3
95.3
95.3
95.4
95.3
95.4
95.6
95.7
95.6
95.7
95.7
95.6
95.5
95.7
95.5
95.4
95.2
95.4
95.6
95.5
95.6
95.6
95.7
95.8
95.9
95.9
96.0
96.1
96.0
96.0
96.0
96.0
95.9
95.9
96.0
96.2
96.4
96.7
96.9
97.1
97.1
97.3
97.4
97.6
97.4
97.4
97.3
97.4
97.3
97.3
97.2
97.2
97.2
97.3
97.0
96.6
96.4
96.1
95.9
95.6
95.6
96.0
95.9
95.4
90.0
95.9
95.6
95.4
95.1
94.9
94.4
89.2
88.8
88.9
89.3
89.4
89.4
89.4
89.7
89.8
89.8
89.9
90.1
90.2
90.5
90.8
91.0
91.1
91.3
91.3
91.1
91.5
91.7
91.8
91.8
91.7
91.4
91.5
91.5
91.5
91.7
91.7
91.6
91.7
91.7
91.5
91.5
91.6
91.6
91.4
91.3
91.5
91.6
91.6
91.4
91.2
91.0
91.1
91.0
90.8
90.5
90.5
90.5
90.6
90.5
90.6
90.8
91.0
91.1
91.1
91.2
91.4
91.4
91.5
91.5
91.5
91.9
92.0
92.3
92.5
92.8
93.0
93.3
93.3
93.3
93.4
93.6
93.6
93.4
93.4
93.3
93.4
93.5
93.9
94.0
94.1
94.1
94.1
94.1
94.2
94.2
94.2
94.2
94.3
94.4
94.4
94.4
94.3
94.3
94.2
94.2
94.3
94.3
94.3
94.2
94.4
94.5
94.4
94.3
94.3
94.3
94.4
94.5
94.6
94.5
94.4
94.1
94.1
94.4
94.3
94.4
94.6
94.6
94.5
94.4
94.4
94.1
94.0
94.1
94.1
94.4
94.5
94.5
94.4
94.5
94.5
94.2
94.3
94.4
94.4
94.2
94.2
94.1
94.1
94.2
94.2
94.3
94.4
94.4
94.4
94.5
94.4
94.5
94.6
94.4
94.3
94.4
94.4
94.4
94.4
94.4
94.3
94.2
94.0
94.0
94.0
93.9
93.8
93.9
93.9
94.0
93.9
93.9
93.9
93.9
93.8
93.6
93.5
93.3
93.4
93.5
93.6
93.8
93.8
93.9
93.9
94.0
94.1
94.1
94.0
94.0
93.9
94.0
94.0
94.1
94.1
94.0
93.9
94.0
94.1
94.2
94.1
94.1
94.2
94.1
94.1
94.2
94.2
94.0
94.2
94.2
94.1
94.2
94.2
94.1
94.2
94.3
94.3
94.2
94.3
94.4
94.4
94.5
94.3
94.3
94.2
94.3
94.4
94.5
94.3
94.2
94.4
94.5
94.6
94.7
94.6
94.4
94.5
94.6
94.6
94.6
94.6
94.4
94.4
94.3
94.3
94.3
94.4
94.4
94.2
94.1
94.2
94.3
94.3
94.3
94.3
94.3
94.3
94.2
94.4
94.6
94.5
94.5
94.7
94.8
94.7
94.8
94.9
94.9
95.1
95.0
95.0
95.1
94.9
94.7
94.7
94.9
95.0
94.9
94.8
94.7
94.7
94.6
94.5
94.2
94.2
94.3
94.4
94.6
94.6
94.6
94.5
94.4
94.5
94.5
94.5
94.4
94.4
94.5
94.6
94.6
94.7
94.7
94.7
94.6
94.5
94.6
94.8
94.8
94.8
94.8
94.8
94.8
94.9
95.0
94.9
94.9
95.0
95.0
95.0
94.9
95.1
95.3
95.2
94.9
95.1
95.1
95.1
94.9
94.9
95.0
95.2
95.1
95.1
95.0
95.1
95.2
95.4
95.4
95.5
95.4
95.3
95.2
95.2
95.2
95.2
95.3
95.3
95.2
95.2
95.3
95.3
95.3
95.1
95.0
95.1
95.1
95.0
95.0
94.9
94.7
94.7
94.8
94.8
94.8
94.7
94.9
94.8
94.5
94.6
94.7
94.8
94.9
95.0
95.0
94.9
94.8
94.7
94.7
94.7
94.9
95.1
95.2
95.2
95.4
95.4
95.4
95.3
95.3
95.3
95.2
95.5
95.5
95.4
95.5
95.5
95.4
95.3
95.3
95.3
95.3
95.2
95.0
94.9
94.9
95.1
95.2
95.1
95.0
94.8
94.8
94.5
94.1
85.2
66.5
78.0
94.6
94.5
94.5
94.5
94.4
94.6
94.5
94.5
94.8
94.8
94.9
94.8
95.1
95.2
95.0
95.0
95.0
95.0
95.1
94.9
94.8
94.9
94.8
95.0
95.1
95.0
94.9
94.9
95.0
95.0
94.9
95.1
94.6
70.3
52.0
51.7
