26.9
33.0
43.8
84.0
84.0
84.4
84.9
84.9
84.5
84.3
84.4
84.8
84.7
84.1
83.7
74.2
82.1
82.1
82.2
82.3
81.8
82.0
82.0
82.1
82.0
81.8
81.9
81.8
82.1
82.3
82.3
82.2
82.2
82.2
82.2
82.3
82.2
72.1
72.3
72.2
72.1
72.0
71.7
71.9
71.6
71.6
71.5
71.4
71.3
71.1
71.1
71.0
71.0
71.1
71.0
71.0
70.9
71.4
78.8
78.8
78.8
78.8
78.7
78.5
78.7
78.4
78.5
78.4
78.3
78.6
78.3
78.2
78.1
77.8
77.6
77.4
77.3
77.2
77.4
77.3
77.1
77.0
77.0
77.4
77.5
77.4
77.6
77.6
77.6
77.7
77.6
77.4
77.3
77.3
77.5
77.3
77.6
77.6
77.2
76.9
76.6
76.3
76.1
76.3
76.3
76.1
75.8
76.3
76.4
76.6
76.5
76.7
76.9
77.1
77.1
76.9
76.8
77.0
76.9
76.8
76.6
76.9
77.1
77.2
77.2
77.4
77.5
77.4
77.5
77.5
77.7
77.9
77.4
77.2
77.6
77.8
77.5
77.4
77.2
77.0
82.3
76.9
77.2
77.3
77.5
77.8
78.0
78.1
78.2
78.4
78.5
78.3
78.3
78.4
78.2
78.5
78.3
78.5
78.5
78.6
78.9
78.9
78.8
79.1
78.9
78.8
79.0
79.2
78.6
78.4
78.3
78.3
78.4
78.4
78.7
78.1
78.1
78.3
78.4
78.4
78.5
78.8
78.7
78.6
78.4
77.9
77.7
77.8
77.8
78.3
78.1
78.3
78.3
78.0
77.9
77.9
78.0
78.1
77.9
77.8
77.4
77.4
77.3
77.0
76.8
76.7
76.6
76.5
76.7
76.4
76.4
76.4
76.5
76.6
76.6
77.0
77.2
77.3
77.2
76.8
76.7
77.0
70.7
71.3
71.6
71.8
72.3
73.0
73.0
73.6
74.1
74.3
74.9
74.8
74.5
74.5
74.7
74.5
74.6
75.0
75.0
75.2
75.7
76.1
76.6
77.0
77.0
76.8
76.9
77.0
76.9
77.0
77.1
77.1
77.4
77.4
77.2
76.9
76.9
77.0
77.2
77.1
77.2
77.2
77.3
77.7
77.9
78.0
