----------------------------------------------------------------------------------------
Language                              files          blank        comment           code
----------------------------------------------------------------------------------------
C                                     72249        4264239        4079939       23176057
C/C++ Header                          39628        1123282        1921754        7193996
C++                                   29648         759730         859042        4034619
XML                                    2656          69189          22259        3155670
Bourne Shell                           1702         215739         177332        1178457
Assembly                               4787         307041         513317        1050869
PHP                                   15732         119700          42875         976967
Fortran 77                             2027         113856         231228         900948
Python                                 4167         239302         392735         802731
Ada                                    5510         274319         363743         774752
HTML                                   4688          32388          43973         744707
PO File                                  63         270827         365070         721323
Go                                     3688          72579         114618         542765
Markdown                                971          75276              2         478828
Java                                   3108          90732         126739         470886
reStructuredText                       2610         171143         101335         424019
Expect                                  408          33778          12137         348918
make                                   3850         110651          71876         344660
m4                                      566          31786           9468         285445
CMake                                  4728          48823          72096         259247
Fortran 90                             5392          29668          48103         207548
JSON                                    400             59              0         199916
Tcl/Tk                                  642          35071          52759         192191
SVG                                    1459           3001          20135         175801
Perl                                    480          21865          23240         153079
XSLT                                    348          18481          11949         146341
diff                                    139          16219          85387         135643
Bourne Again Shell                      225          19719          28976         118347
YAML                                   1123          12472          13940         107067
JavaScript                             1641          15221          17892          79556
Forth                                   213          10973           7641          68433
Windows Module Definition               232           7367            238          62152
D                                      2269            237            181          50827
OpenCL                                  176           6178           5670          36046
INI                                      83           6733           1060          28086
Verilog-SystemVerilog                   251           7646          10709          26920
MSBuild script                           55              1             42          26868
TeX                                      31           4231           3512          25628
CSS                                      86           2517           1151          21261
DTD                                      26           6498           4774          21111
XSD                                      19            261            205          20451
Objective C                             537           5577           3651          19509
CUDA                                     80           4911           4724          18055
Lua                                      81           2113           2150          17461
Pascal                                  132           4142          18392          15610
Cython                                   65           3842           5395          11448
Objective C++                           253           3369           2005          10757
yacc                                     19           1554            902          10260
C#                                       85           2148           2942           9854
awk                                      61           1081           1769           7995
R                                       150           1395           1478           6561
ReasonML                                 12           1251           2875           6040
OCaml                                    75           1842           3061           5829
lex                                      17           1158           1013           5776
Ruby                                     16           2973            109           5587
DOS Batch                               147           1189            379           5317
Gencat NLS                              145             16              0           5026
Windows Resource File                   148            737            662           4827
xBase Header                             43           1507           3482           4618
Lisp                                     13            713            292           3133
ANTLR Grammar                             4            333            335           2613
Fortran 95                               95            858           2374           2536
Ant                                       6            252            317           2180
NAnt script                              23            384              0           2057
GLSL                                    107            560            296           1993
Sass                                     16            289             16           1771
TypeScript                               80            167           1360           1348
TNSDL                                     6            136            106           1163
vim script                               14            121            194           1141
PowerShell                                5            209            305           1082
Qt Project                               10             71              9            952
Scheme                                   10             10              9            882
Glade                                     2             78              0            868
Haskell                                  47            117             38            713
Maven                                     6             38             48            530
QML                                      16            151            799            528
SQL                                       4            118             19            502
Bazel                                     2             71             45            498
HLSL                                      9             82            106            468
Qt                                        1              0              0            453
Visual Basic                              4             96            131            318
Dockerfile                               18            114            146            293
Korn Shell                                3             50             70            286
C Shell                                   6             62             22            273
WebAssembly                               2             32              0            246
Standard ML                               1             34             28            215
SAS                                       3             52            111            207
Smalltalk                                 5              9              0            203
Cucumber                                  1             28             50            171
MATLAB                                    8             29              8            139
Clojure                                  39             10              0            123
DAL                                       1              1              3            115
IDL                                       2              0              0            112
SKILL                                     3             24              0             99
ProGuard                                  3             30             33             78
SWIG                                      5             12             83             69
sed                                       4              6             15             69
Rust                                      1              8              0             54
Starlark                                  1              7              8             41
Windows Message File                      2              6              0             37
Gradle                                    1              7              0             36
Velocity Template Language                1              1              0             22
Swift                                     2              6              0             17
Solidity                                  1              1              0             15
Groovy                                    1              1              0             12
Brainfuck                                 1              3              4             10
Protocol Buffers                          1              2             53              6
ASP                                       1              0              0              2
JSP                                       1              0              0              2
----------------------------------------------------------------------------------------
SUM:                                 220740        8694992        9921524       49970347
----------------------------------------------------------------------------------------

