 20.99      0.17     0.17 24371822     0.01     0.01  timer_now_update
 12.35      0.27     0.10 24371821     0.00     0.01  timer_tick
 11.73      0.37     0.10                             core_loop
  9.88      0.45     0.08  1000000     0.08     0.09  call_make_req
  5.56      0.49     0.05  1000000     0.05     0.09  call_send
  4.94      0.53     0.04 12185911     0.00     0.00  event_wait
  4.32      0.57     0.04  7000005     0.01     0.01  _ecb_signal
  4.32      0.60     0.04  1002237     0.03     0.07  call_recv
  3.70      0.63     0.03  1999999     0.02     0.02  gen_fire
  3.70      0.66     0.03                             call_recv_stop
  3.70      0.69     0.03                             timer_deinit
  3.09      0.72     0.03  1000000     0.03     0.03  conn_sendv
  1.23      0.73     0.01 12185910     0.00     0.01  core_send
  1.23      0.74     0.01  7000008     0.00     0.00  timer_now
  1.23      0.75     0.01                             call_issue_start
  1.23      0.76     0.01                             call_send_stop
  1.23      0.77     0.01                             gen_tick
  1.23      0.78     0.01                             init
  1.23      0.79     0.01                             issue_call
  0.62      0.79     0.01  1002237     0.00     0.00  conn_recv
  0.62      0.80     0.01  1000001     0.01     0.01  dist_next_deterministic
  0.62      0.80     0.01  1000000     0.01     0.01  call_start_timer
  0.62      0.81     0.01       21   238.13   238.13  _ecb_register
  0.62      0.81     0.01                             frame_dummy
  0.00      0.81     0.00  1000075     0.00     0.07  core_recv
  0.00      0.81     0.00  1000000     0.00     0.00  _scnprintf
  0.00      0.81     0.00  1000000     0.00     0.00  call_get
  0.00      0.81     0.00       25     0.00     0.00  _log_stderr
  0.00      0.81     0.00       25     0.00     0.00  _vscnprintf
  0.00      0.81     0.00        3     0.00   238.13  _gen_start
  0.00      0.81     0.00        3     0.00     0.00  _mcp_alloc
  0.00      0.81     0.00        3     0.00     0.00  mcp_atod
  0.00      0.81     0.00        1     0.00     0.00  _mcp_calloc
  0.00      0.81     0.00        1     0.00     0.00  _mcp_free
  0.00      0.81     0.00        1     0.00     0.00  _mcp_zalloc
  0.00      0.81     0.00        1     0.00     0.00  call_init
  0.00      0.81     0.00        1     0.00     0.00  conn_get
  0.00      0.81     0.00        1     0.00     0.00  conn_init
  0.00      0.81     0.00        1     0.00     0.00  conn_put
  0.00      0.81     0.00        1     0.00     0.00  core_close
  0.00      0.81     0.00        1     0.00     0.01  core_connect
  0.00      0.81     0.00        1     0.00     0.00  core_stop
  0.00      0.81     0.00        1     0.00     0.00  event_add_conn
  0.00      0.81     0.00        1     0.00     0.00  event_init
  0.00      0.81     0.00        1     0.00     0.00  mcp_set_linger
  0.00      0.81     0.00        1     0.00     0.00  mcp_set_nonblocking
  0.00      0.81     0.00        1     0.00     0.00  mcp_set_rcvbuf
  0.00      0.81     0.00        1     0.00     0.00  mcp_set_sndbuf
  0.00      0.81     0.00        1     0.00     0.00  mcp_set_tcpnodelay
  0.00      0.81     0.00        1     0.00     0.00  stats_dump
  0.00      0.81     0.00        1     0.00     0.00  stats_rusage_stop
  0.00      0.81     0.00        1     0.00     0.00  stats_start
