 16.67      0.10     0.10                             core_loop
 15.00      0.19     0.09  1000000    90.01   143.59  call_make_req
 13.34      0.27     0.08  7000005    11.43    13.57  _ecb_signal
  6.67      0.31     0.04  3000000    13.34    13.34  _scnprintf
  6.67      0.35     0.04  1000206    40.00    40.00  event_wait
  6.67      0.39     0.04  1000000    40.01    90.73  call_recv
  6.67      0.43     0.04  1000000    40.01    40.01  conn_sendv
  3.33      0.45     0.02  7000008     2.86     2.86  timer_now
  3.33      0.47     0.02  2000370    10.00    10.00  timer_now_update
  3.33      0.49     0.02  1000000    20.00    87.16  call_send
  3.33      0.51     0.02                             call_recv_stop
  3.33      0.53     0.02                             issue_call
  3.33      0.55     0.02                             trigger
  2.50      0.57     0.02  1999999     7.50     7.50  gen_fire
  1.67      0.58     0.01  1000000    10.00    10.00  call_get
  1.67      0.59     0.01  1000000    10.00    10.00  conn_recv
  1.67      0.60     0.01                             destroyed
  0.83      0.60     0.01                             gen_tick
  0.00      0.60     0.00  2000369     0.00    10.00  timer_tick
  0.00      0.60     0.00  1000163     0.00    87.14  core_send
  0.00      0.60     0.00  1000001     0.00     0.00  dist_next_deterministic
  0.00      0.60     0.00  1000000     0.00     0.00  call_start_timer
  0.00      0.60     0.00  1000000     0.00    90.73  core_recv
  0.00      0.60     0.00       25     0.00     0.00  _log_stderr
  0.00      0.60     0.00       25     0.00     0.00  _vscnprintf
  0.00      0.60     0.00       21     0.00     0.00  _ecb_register
  0.00      0.60     0.00        3     0.00     2.86  _gen_start
  0.00      0.60     0.00        3     0.00     0.00  _mcp_alloc
  0.00      0.60     0.00        3     0.00     0.00  mcp_atod
  0.00      0.60     0.00        1     0.00     0.00  _mcp_calloc
  0.00      0.60     0.00        1     0.00     0.00  _mcp_free
  0.00      0.60     0.00        1     0.00     0.00  _mcp_zalloc
  0.00      0.60     0.00        1     0.00     0.00  call_init
  0.00      0.60     0.00        1     0.00     0.00  conn_get
  0.00      0.60     0.00        1     0.00     0.00  conn_init
  0.00      0.60     0.00        1     0.00     0.00  conn_put
  0.00      0.60     0.00        1     0.00     0.00  core_close
  0.00      0.60     0.00        1     0.00    13.57  core_connect
  0.00      0.60     0.00        1     0.00     0.00  core_stop
  0.00      0.60     0.00        1     0.00     0.00  event_add_conn
  0.00      0.60     0.00        1     0.00     0.00  event_init
  0.00      0.60     0.00        1     0.00     0.00  mcp_set_linger
  0.00      0.60     0.00        1     0.00     0.00  mcp_set_nonblocking
  0.00      0.60     0.00        1     0.00     0.00  mcp_set_rcvbuf
  0.00      0.60     0.00        1     0.00     0.00  mcp_set_sndbuf
  0.00      0.60     0.00        1     0.00     0.00  mcp_set_tcpnodelay
  0.00      0.60     0.00        1     0.00     2.86  stats_dump
  0.00      0.60     0.00        1     0.00     0.00  stats_rusage_stop
  0.00      0.60     0.00        1     0.00     2.86  stats_start

