40.5
70.3
70.4
70.2
70.1
69.6
69.6
61.1
67.8
58.6
49.5
49.5
49.4
49.4
49.4
49.4
49.4
49.3
49.3
49.3
49.3
49.3
49.3
49.3
49.2
49.2
49.2
49.2
49.1
49.1
49.1
49.1
49.1
49.1
49.0
49.0
49.0
49.0
49.0
49.1
49.1
49.0
49.1
49.1
49.0
49.1
49.0
49.0
49.0
49.0
49.0
49.1
49.1
49.1
49.1
49.1
49.1
49.1
49.1
49.1
49.1
49.1
49.1
49.1
49.1
49.0
49.1
49.1
49.1
49.1
49.1
49.1
49.2
49.2
49.2
49.2
49.3
49.3
49.3
49.3
49.4
49.4
49.4
49.4
49.4
49.4
49.4
49.4
49.4
49.4
49.4
49.5
49.5
49.5
49.5
49.5
49.5
49.5
49.5
49.5
49.5
49.5
49.5
49.6
49.5
49.5
49.6
49.6
49.6
49.6
49.6
49.6
49.6
49.6
49.6
49.6
49.5
49.6
49.6
49.5
49.5
49.5
49.6
49.6
49.6
49.6
49.5
49.6
49.6
49.6
49.6
49.6
49.6
49.6
49.6
49.6
49.6
49.6
49.6
49.6
49.6
49.6
49.6
49.6
49.6
49.6
49.7
49.7
49.7
49.6
49.6
49.7
49.6
49.7
49.7
49.7
49.7
49.7
49.6
49.7
49.7
49.6
49.6
49.7
49.7
49.7
49.7
49.7
49.7
49.7
49.7
49.7
49.7
49.6
49.6
49.6
49.6
49.6
49.7
49.6
49.7
49.6
49.6
49.7
49.6
49.6
49.6
49.6
49.7
49.6
49.6
49.6
49.6
49.6
49.6
49.7
49.7
49.6
49.6
49.6
49.6
49.6
49.6
49.6
49.5
49.5
49.5
49.5
49.5
49.5
49.5
49.5
49.5
49.5
49.5
49.5
49.5
49.5
49.5
49.5
49.5
49.6
49.6
49.5
49.5
49.5
49.5
49.5
49.5
49.5
49.5
49.5
49.5
49.5
49.5
49.5
49.5
49.5
49.5
49.5
49.5
49.5
49.4
49.5
49.5
49.5
49.5
49.5
49.5
49.4
49.5
49.4
49.4
49.4
49.4
49.4
49.4
49.4
49.4
49.4
49.4
49.4
49.4
49.4
49.4
49.4
49.4
49.4
49.4
49.4
49.4
49.4
49.5
49.4
49.4
49.4
49.5
49.5
49.5
49.5
49.4
49.4
49.4
49.5
49.4
49.5
49.5
49.5
49.5
49.5
49.5
49.5
49.5
49.5
49.5
49.5
49.5
49.5
49.5
49.5
49.6
49.4
49.3
48.9
48.7
48.6
