26.7
82.3
82.3
82.5
82.6
82.7
82.8
82.9
83.0
83.2
83.3
83.4
83.5
83.6
83.6
83.7
83.8
83.8
83.9
84.0
84.0
84.1
84.1
84.2
84.2
84.2
84.3
84.3
84.3
84.4
84.4
84.4
84.4
84.4
84.5
84.5
84.5
84.5
84.5
84.5
84.6
84.6
84.6
84.6
84.5
84.5
84.6
84.6
84.6
84.6
84.6
84.6
84.6
84.6
84.6
84.6
84.7
84.6
84.6
84.7
84.7
84.7
84.7
84.7
84.7
84.7
84.7
84.7
84.7
84.7
84.7
84.7
84.7
84.7
84.7
84.7
84.7
84.7
84.7
84.7
84.7
84.7
84.7
84.7
84.7
84.7
84.8
84.8
84.8
84.8
84.8
84.8
84.8
84.8
84.8
84.8
84.8
84.8
84.8
84.8
84.8
84.8
84.7
84.8
84.7
84.8
84.8
84.8
84.8
84.8
84.8
84.8
84.7
84.7
84.8
84.8
84.8
84.8
84.8
84.8
84.8
84.8
84.8
84.8
84.8
84.8
84.8
84.8
84.8
84.8
84.8
84.8
84.8
84.8
84.8
84.8
84.8
84.8
84.8
84.8
84.8
84.8
84.8
84.8
84.8
84.8
84.8
84.8
84.8
84.9
84.8
84.8
84.8
84.8
84.8
84.8
84.8
84.9
84.9
84.9
84.9
84.9
84.9
84.9
84.9
84.9
84.9
84.9
84.9
84.9
84.9
84.9
84.9
84.9
85.0
85.0
84.9
84.9
85.0
84.9
84.9
84.9
84.9
85.0
84.9
84.9
84.9
84.9
85.0
84.9
84.9
84.9
84.9
75.0
74.9
74.9
74.9
74.9
74.5
61.1
50.7
50.4
50.2
