26.3
55.9
56.0
56.1
56.2
56.3
56.3
56.4
56.5
56.5
56.6
56.6
56.6
56.7
56.7
56.7
56.7
56.8
56.8
56.8
56.8
56.8
56.9
56.9
56.9
56.9
56.9
56.9
57.0
57.0
57.0
57.1
57.0
57.1
57.1
57.2
57.2
57.2
57.2
57.2
57.1
57.2
57.2
57.2
57.2
57.2
57.2
57.2
57.2
57.2
57.2
57.2
57.2
57.3
57.2
57.3
57.3
57.3
57.3
57.3
57.3
57.3
57.3
57.3
57.3
57.3
57.3
57.3
57.3
57.4
57.4
57.4
57.4
57.4
57.4
57.4
57.4
57.4
57.4
57.4
57.4
57.4
57.4
57.4
57.4
57.5
57.5
57.5
57.5
57.4
57.5
57.5
57.5
57.5
57.5
57.5
57.5
57.6
57.5
57.5
57.6
57.6
57.6
57.6
57.6
57.6
57.6
57.6
57.6
57.6
57.6
57.7
57.6
57.6
57.6
57.6
57.6
57.6
57.6
57.7
57.7
57.7
57.7
57.6
57.6
57.7
57.7
57.7
57.7
57.7
57.7
58.0
57.9
57.7
57.7
57.7
57.7
57.7
57.7
57.7
57.7
57.7
57.8
57.7
57.7
57.7
57.7
57.8
57.7
57.7
57.7
57.7
57.7
57.7
57.7
57.7
57.8
57.8
57.8
57.8
57.8
57.9
57.8
57.9
58.0
57.9
58.0
57.7
57.7
57.7
57.7
57.7
57.8
57.8
57.8
57.8
57.8
57.9
57.9
57.9
57.9
57.9
57.9
57.9
57.8
57.9
57.9
57.9
57.9
57.8
57.8
57.8
57.8
57.8
57.8
57.8
57.9
57.9
57.9
57.9
57.9
57.9
57.9
57.9
57.9
57.9
57.9
57.9
57.9
58.0
57.9
57.9
58.0
58.0
58.0
58.0
58.0
58.0
58.0
57.9
57.9
58.0
58.0
58.0
58.0
58.0
58.0
58.0
58.0
58.0
58.0
58.0
58.0
58.0
58.0
58.0
58.0
58.0
58.0
58.0
58.0
58.0
58.0
58.0
58.0
58.0
58.1
58.1
58.1
58.1
58.1
58.0
58.0
58.1
58.1
58.1
58.1
58.1
58.1
58.1
58.0
58.0
58.1
58.0
58.1
58.1
58.0
58.0
58.1
58.1
58.1
58.1
58.1
58.1
58.1
58.2
58.1
58.2
52.8
60.1
59.9
54.2
54.6
60.3
49.5
50.0
59.9
59.7
59.3
59.3
49.3
58.0
57.9
57.9
58.1
58.1
57.6
57.9
58.2
58.5
