38.4
38.9
31.2
31.0
31.0
31.0
31.0
31.0
30.9
30.9
30.9
30.9
30.9
30.8
30.9
31.0
31.1
31.1
31.1
31.2
31.3
31.3
31.4
31.3
31.3
31.3
31.3
31.3
31.2
31.2
31.2
31.2
31.2
31.2
31.2
31.2
31.1
31.1
31.0
31.1
31.1
31.1
31.1
31.0
31.0
30.9
31.0
31.0
31.0
31.0
31.1
31.1
31.1
31.1
31.3
31.4
31.4
31.3
31.3
31.2
31.2
31.1
31.3
31.3
31.3
31.3
31.4
31.4
31.2
31.3
31.3
31.3
31.3
31.3
31.4
31.3
31.2
31.3
31.2
31.2
31.2
31.1
30.9
30.6
30.5
30.4
30.3
30.1
30.0
29.9
29.9
30.0
29.8
29.9
29.8
29.8
29.8
29.6
29.6
29.7
29.7
29.6
29.6
29.6
29.5
