27.0
27.6
74.4
74.2
74.0
73.9
73.7
73.5
73.3
73.2
73.4
73.4
73.0
72.7
72.4
72.2
72.0
72.0
71.7
71.6
71.6
71.5
71.4
71.4
71.2
71.3
71.3
71.2
71.2
71.1
71.0
71.0
71.0
71.0
70.9
70.9
71.0
70.9
70.9
70.9
71.0
70.9
71.0
71.0
70.9
71.0
71.0
71.0
71.1
71.1
71.1
71.2
71.2
71.2
71.3
71.2
71.3
71.3
71.3
71.3
71.4
71.3
71.3
71.3
71.3
71.3
71.3
71.4
71.4
71.3
71.4
71.5
71.5
71.5
71.5
71.5
71.5
71.5
71.5
71.6
71.6
71.7
71.7
71.7
71.7
71.9
71.8
71.9
72.0
72.0
72.0
72.0
71.9
71.9
71.8
71.8
71.9
71.9
72.0
72.0
71.9
72.0
72.1
72.0
71.9
71.7
71.6
71.5
71.4
71.3
71.2
71.4
71.5
71.6
71.5
71.6
71.7
71.8
71.9
71.9
71.9
71.9
72.0
72.2
72.1
72.2
72.2
72.2
72.3
72.3
72.3
72.4
72.3
72.2
72.3
72.2
72.3
72.3
72.3
72.3
72.4
72.4
72.4
72.5
72.5
72.5
72.6
72.5
72.5
72.4
72.5
72.6
72.5
72.5
72.5
72.5
72.5
72.5
72.5
72.6
72.6
72.6
72.6
72.5
72.5
72.5
72.5
72.5
72.5
72.5
72.6
72.6
72.5
72.6
72.6
72.5
72.6
72.6
72.7
72.8
72.8
72.7
72.9
72.8
72.7
72.7
72.6
72.6
72.7
72.6
72.6
72.6
72.6
72.7
72.6
72.6
72.5
72.5
72.4
72.3
72.3
72.3
72.3
72.3
72.3
72.2
72.1
72.2
72.1
72.1
72.2
72.1
72.1
72.1
72.1
72.2
72.1
72.1
72.1
72.1
72.1
72.1
72.1
72.1
72.1
72.0
72.1
72.1
72.1
72.1
72.0
72.0
72.0
72.0
72.0
72.1
72.1
72.1
72.0
72.1
72.1
72.1
72.1
72.1
72.0
72.1
72.1
72.0
72.0
72.1
72.0
72.1
72.1
72.1
72.1
72.2
72.1
72.1
72.1
72.1
72.2
72.1
72.1
72.2
72.1
72.1
72.2
72.2
72.1
72.3
72.2
72.2
72.2
72.2
72.2
72.2
