26.7
54.9
55.0
55.1
55.2
55.3
55.2
55.4
55.5
55.7
55.8
55.8
55.9
55.9
56.0
56.0
56.0
56.1
56.1
56.0
55.8
56.0
56.1
56.2
56.3
56.3
56.3
56.2
56.3
56.3
56.3
56.3
56.2
56.2
56.0
56.1
56.1
56.2
56.3
56.3
56.3
56.3
56.3
56.3
56.3
56.3
56.2
56.2
56.2
56.2
56.4
56.4
56.4
56.4
56.4
56.4
56.3
56.3
56.3
56.3
56.2
56.2
56.0
56.2
56.2
56.3
56.3
56.3
56.3
56.3
56.2
56.2
56.3
56.3
56.2
56.2
56.2
56.3
56.4
56.5
56.5
56.5
56.5
56.5
56.5
56.5
56.5
56.4
56.4
56.3
56.2
56.3
56.4
56.4
56.4
56.5
56.4
56.4
56.3
56.3
56.4
56.3
56.3
56.3
56.1
56.2
56.3
56.4
56.4
56.4
56.4
56.4
56.4
56.4
56.4
56.4
56.3
56.3
56.1
56.2
56.3
56.4
56.4
56.4
56.4
56.4
56.4
56.4
56.4
56.4
56.4
56.3
56.1
56.2
56.4
56.5
56.5
56.5
56.4
