37.2
56.3
56.3
56.3
56.3
56.4
56.5
56.7
56.8
56.9
57.0
57.0
57.1
57.2
57.1
57.0
56.9
56.9
56.9
56.9
56.9
57.0
57.1
57.2
57.2
57.3
57.3
57.4
57.3
57.2
57.1
57.0
56.9
56.9
56.9
57.0
57.1
57.2
57.2
57.2
57.3
57.3
57.2
57.1
57.0
57.0
57.0
56.9
57.0
57.1
57.2
57.3
57.3
57.3
57.4
57.4
57.4
57.2
57.1
57.0
57.0
57.0
57.0
57.1
57.2
57.2
57.2
57.3
57.3
57.3
57.2
57.1
57.0
57.0
57.0
57.0
57.0
57.1
57.2
57.2
57.2
57.3
57.3
57.3
57.3
57.2
57.1
57.1
57.1
57.0
57.1
57.2
57.2
57.3
57.3
57.3
57.4
57.5
57.3
57.2
57.1
57.1
57.1
57.1
57.0
57.1
57.2
57.3
57.3
57.3
57.4
57.4
57.4
57.3
57.2
57.1
57.1
57.1
57.2
57.3
57.4
57.4
57.2
57.1
57.1
57.3
57.3
57.4
