25.8
66.3
75.9
75.9
99.4
99.9
100.2
100.3
100.3
100.2
99.8
99.6
99.3
98.9
98.5
98.1
74.6
66.1
66.1
66.2
66.3
66.5
66.7
66.8
66.9
89.6
95.9
95.8
75.9
66.7
66.7
66.8
66.8
66.9
67.1
67.2
67.3
88.4
94.8
94.7
75.9
67.1
67.0
67.1
67.1
67.2
67.2
67.2
67.2
67.2
67.1
67.1
67.1
67.1
67.2
67.3
67.4
67.4
87.5
95.2
95.1
94.8
94.6
94.3
94.0
93.9
93.7
81.5
75.0
74.9
69.2
68.7
68.3
85.0
99.2
99.2
99.0
98.6
98.3
97.9
97.8
97.7
97.4
97.2
97.1
97.0
97.0
96.9
96.7
96.6
96.6
96.4
96.1
95.9
95.5
89.0
88.9
89.1
89.5
89.9
90.2
90.5
90.8
91.0
91.5
92.0
82.7
83.2
101.1
101.1
88.2
88.6
94.8
94.8
88.6
94.4
94.4
94.4
87.5
93.8
93.8
88.6
94.2
94.2
83.8
68.2
77.8
78.3
78.8
64.0
63.9
73.2
87.1
94.8
94.8
94.7
64.6
92.7
92.9
93.1
71.1
71.6
94.6
94.6
94.6
81.3
91.9
92.3
92.6
79.0
89.0
89.6
94.8
94.3
89.0
94.4
94.4
84.8
92.7
92.9
93.1
92.9
93.3
93.6
93.9
87.9
99.8
99.7
87.3
93.6
93.5
93.2
92.8
92.5
92.3
92.1
92.5
92.8
84.8
94.2
94.1
83.6
91.5
91.6
91.6
84.4
92.7
92.6
92.5
92.8
93.1
92.9
93.4
93.8
93.6
94.0
94.4
94.4
93.8
93.8
93.8
93.2
93.0
92.8
93.0
93.4
93.8
93.9
94.4
94.8
94.8
95.0
95.2
94.9
94.6
94.3
93.9
93.6
93.4
93.1
93.5
93.8
94.1
93.9
93.8
93.8
93.6
93.6
93.6
76.5
99.6
99.6
99.1
87.3
87.7
88.0
77.8
94.8
94.8
94.5
94.0
93.8
93.6
93.2
93.3
93.3
93.1
93.3
93.4
87.7
87.3
87.0
87.2
94.6
94.6
94.2
93.8
93.5
87.3
97.1
97.1
96.6
96.2
96.1
96.0
89.0
89.3
89.6
89.9
95.4
95.4
94.8
94.5
94.3
94.0
94.3
94.6
94.5
94.6
94.7
94.7
94.7
94.7
94.4
85.7
85.6
85.6
90.9
91.0
90.9
91.2
91.5
91.7
91.8
92.0
92.2
92.5
93.0
93.5
93.6
93.9
94.2
94.3
94.5
94.6
94.1
93.5
93.1
93.0
93.2
93.3
93.2
93.3
93.3
93.2
93.7
94.0
94.1
94.3
94.5
94.4
94.7
94.9
94.9
95.2
95.5
95.4
90.0
90.0
90.0
90.6
91.1
91.6
91.8
92.1
92.2
92.6
93.2
93.7
93.8
94.2
94.5
94.6
94.9
95.1
94.6
94.0
93.5
93.4
93.6
93.9
93.9
94.3
94.6
94.5
94.1
93.8
93.4
93.0
92.7
92.6
93.0
93.3
93.2
92.7
92.3
92.2
92.4
92.7
92.7
92.6
92.4
92.3
92.2
92.2
92.1
91.9
91.8
91.8
92.3
92.8
93.1
92.8
92.5
92.4
92.6
92.9
92.3
84.8
100.0
100.0
89.0
89.1
89.1
88.8
88.2
95.2
95.2
94.6
94.1
93.7
93.4
93.6
93.8
93.7
93.8
94.0
94.1
93.9
94.0
94.1
88.2
88.5
88.8
88.8
89.3
89.7
89.5
97.3
97.2
96.9
97.0
97.0
91.3
91.5
91.8
91.9
92.4
92.9
93.4
93.4
93.5
93.5
93.5
94.0
94.4
94.2
94.2
94.2
94.3
94.5
94.7
94.6
94.7
94.8
94.9
95.0
95.0
95.0
95.0
95.1
95.0
95.2
95.5
95.3
95.5
95.7
95.6
95.7
95.9
96.0
95.9
95.9
95.8
95.9
96.0
96.1
96.0
96.0
96.0
96.0
96.2
96.3
96.2
96.3
96.4
96.1
95.8
95.6
95.5
95.7
95.8
95.6
95.5
95.5
95.4
95.4
95.4
95.1
94.7
94.3
93.9
93.5
93.2
93.1
93.6
93.9
93.9
93.4
93.0
92.9
93.1
93.3
93.4
93.8
94.0
94.0
93.6
93.2
93.1
93.2
93.5
92.9
81.3
81.2
80.9
93.8
94.1
94.3
87.7
97.5
97.5
90.9
90.6
90.5
85.0
94.6
94.6
94.6
94.1
93.7
93.5
93.2
92.8
92.6
92.9
93.2
93.5
93.6
93.9
94.1
94.2
94.2
94.3
93.7
93.1
92.7
92.5
92.5
92.6
92.4
92.2
92.1
92.1
92.2
92.3
92.1
92.0
91.8
91.8
92.3
92.7
92.9
93.1
93.1
93.2
93.6
94.0
94.2
94.5
94.6
94.7
94.6
94.5
94.3
94.1
94.0
93.8
93.7
93.6
93.4
93.5
93.6
93.6
94.0
94.3
94.5
94.4
94.4
94.3
94.2
94.1
94.0
93.9
93.8
93.7
93.8
93.8
93.8
93.9
94.0
94.0
93.9
93.8
93.7
93.7
93.7
93.6
93.6
93.5
93.4
93.3
93.3
93.2
93.1
93.1
93.1
92.9
92.8
92.6
92.4
92.2
92.0
92.1
92.2
92.3
92.7
93.3
93.8
93.7
93.6
93.5
93.4
93.4
93.4
93.3
93.4
93.5
93.5
93.5
93.6
93.4
