26.1
46.5
46.8
47.2
47.4
47.7
47.9
47.9
48.2
48.3
48.5
48.7
48.8
48.4
48.1
47.7
47.3
47.0
46.6
46.4
46.1
45.9
45.6
45.5
45.3
45.1
45.0
44.9
44.7
44.6
44.5
44.4
44.3
44.3
44.2
44.2
44.1
44.1
44.0
44.0
44.0
43.9
43.9
43.8
43.8
43.8
43.8
43.8
43.8
43.7
43.7
43.7
43.7
43.7
43.7
43.6
43.7
43.7
43.7
43.7
43.7
43.7
43.8
43.8
43.8
43.8
43.9
43.9
43.9
44.0
44.0
44.0
44.1
44.1
44.2
44.2
44.2
44.2
44.3
44.3
44.3
44.4
44.4
44.4
44.4
44.5
44.5
44.5
44.5
44.6
44.6
44.6
44.6
44.7
44.7
44.7
44.7
44.7
44.7
44.7
44.7
44.8
44.8
44.8
44.9
44.9
44.9
45.0
45.0
45.1
45.1
45.1
45.1
45.2
45.2
45.2
45.2
45.3
45.3
45.3
45.3
45.3
45.4
45.4
45.4
45.4
45.4
45.5
45.5
45.5
45.5
45.6
45.6
45.6
45.6
45.7
45.7
45.8
45.8
45.8
45.8
45.9
45.9
45.9
45.9
46.0
46.0
46.0
46.0
46.0
46.0
46.1
46.1
46.1
46.1
46.1
46.2
46.2
46.2
46.2
46.3
46.3
46.3
46.3
46.3
46.3
46.3
46.3
46.3
46.3
46.3
46.3
46.3
46.4
46.4
46.4
46.4
46.5
46.5
46.6
46.7
46.7
46.8
46.9
47.0
47.1
47.3
47.4
47.6
47.7
47.8
48.0
48.1
48.3
48.4
48.5
48.6
48.7
48.8
48.9
49.0
49.1
49.2
49.2
49.3
49.4
49.4
49.5
49.5
49.6
49.6
49.7
49.7
49.7
49.7
49.7
49.7
49.7
49.8
49.8
49.8
49.8
49.8
49.8
49.8
49.8
49.8
49.8
49.9
49.9
49.8
49.8
49.9
49.9
49.9
49.8
49.8
49.9
49.9
49.8
49.8
49.8
49.8
49.8
49.8
49.8
49.8
49.8
49.8
49.8
49.7
49.7
49.7
49.8
49.8
49.7
49.7
49.7
49.8
49.7
49.7
49.7
49.8
49.7
49.7
49.7
49.7
49.7
49.7
49.6
49.6
49.6
49.6
49.6
49.5
49.6
49.6
49.6
49.4
49.5
49.5
49.5
49.3
49.3
49.4
49.4
49.5
49.3
49.3
