48.2
48.2
48.1
48.0
48.0
47.9
47.9
47.8
47.2
55.3
47.0
47.0
47.1
47.2
47.2
41.3
58.6
47.0
47.0
47.1
47.1
47.2
47.2
40.1
59.2
47.0
47.0
47.1
47.1
47.2
47.2
46.8
55.5
47.0
47.0
47.1
47.1
47.2
47.3
47.3
47.5
47.7
47.7
47.6
47.7
47.6
47.6
47.2
56.3
47.0
47.0
47.0
47.1
47.1
47.2
41.6
57.8
47.2
47.1
47.2
47.3
47.3
47.3
39.9
59.2
47.0
47.0
47.1
47.1
47.2
47.3
39.7
57.2
47.2
47.2
47.3
47.3
47.4
47.9
47.8
47.7
47.7
47.7
47.7
42.2
56.5
47.0
47.0
47.1
47.2
47.2
47.8
47.8
47.7
47.8
47.7
47.7
47.5
53.0
47.2
47.2
47.3
47.4
47.2
47.0
47.0
68.8
47.2
47.2
47.2
47.2
47.3
47.6
47.6
47.7
47.7
47.7
47.7
