26.7
32.6
44.5
31.2
31.2
31.2
31.1
31.1
31.0
31.0
30.9
30.9
30.8
30.8
30.8
30.7
30.7
30.6
30.6
30.6
30.6
30.6
30.5
30.5
30.4
30.5
30.5
30.4
30.4
30.5
30.4
30.4
30.4
30.4
30.5
30.5
30.5
30.4
30.4
30.4
30.4
30.4
30.4
30.4
30.4
30.3
30.1
29.9
29.8
29.7
29.7
29.6
29.5
29.4
29.3
29.3
29.3
29.3
29.3
29.3
29.3
29.3
29.2
29.3
38.6
30.3
30.3
30.3
30.3
30.2
30.2
30.2
30.2
30.2
30.1
30.1
30.0
30.1
30.0
30.0
30.0
30.0
30.0
30.0
30.0
30.0
30.0
30.0
30.0
29.9
29.9
29.9
30.0
30.0
29.9
29.9
30.0
30.0
29.9
29.9
29.9
29.9
29.9
29.9
29.9
29.9
29.9
29.8
29.7
29.7
29.6
29.4
29.4
29.4
29.3
29.4
29.2
29.2
29.3
29.3
29.4
29.3
29.3
29.4
29.4
29.4
37.4
46.8
46.7
46.6
46.2
45.9
45.6
40.5
33.9
33.7
33.4
33.3
33.0
32.8
32.6
32.5
32.2
32.0
31.6
31.4
31.2
31.0
30.8
30.7
30.6
30.4
30.4
30.2
30.2
30.1
30.1
30.3
30.4
30.7
30.7
30.8
30.9
31.0
31.1
31.0
31.1
31.2
31.1
31.1
31.2
31.1
31.2
31.2
31.2
31.2
31.3
31.2
31.2
31.2
31.3
31.2
31.3
31.1
31.1
30.9
31.1
31.1
30.9
30.7
30.6
30.6
30.4
30.5
30.6
30.7
30.7
30.7
30.7
30.6
30.5
30.5
30.6
30.7
30.6
30.6
30.6
30.4
30.3
30.2
30.3
30.3
30.3
30.3
wattsup: [error] Reading final time stamp: Bad address
30.6
30.3
30.4
30.4
30.4
30.3
30.3
30.2
30.2
30.3
30.3
30.4
30.5
30.6
30.6
30.5
30.4
30.5
30.4
30.5
30.5
30.3
30.2
30.2
30.2
30.1
30.0
30.0
30.1
30.3
30.3
30.2
30.4
30.5
30.6
30.7
30.7
30.7
30.7
30.7
30.6
30.6
30.5
30.4
30.5
30.4
30.2
30.3
30.3
30.3
30.3
30.2
30.3
30.3
30.4
30.3
30.4
30.2
30.1
30.1
30.1
30.0
30.0
30.0
30.0
30.1
30.1
30.1
30.2
30.2
30.2
30.1
30.0
30.0
30.0
30.0
30.0
29.9
29.9
30.0
30.1
30.2
30.3
30.4
30.5
30.6
30.7
30.7
30.7
30.6
30.6
30.7
30.7
30.8
30.8
30.8
30.6
30.7
30.7
30.7
30.8
30.8
30.8
30.8
30.8
30.8
30.9
30.8
30.6
30.5
30.6
30.5
30.5
30.6
30.6
30.5
30.5
30.4
30.4
30.4
30.4
30.4
30.4
30.3
30.2
30.1
30.1
29.9
29.9
29.9
29.8
29.7
29.7
29.5
29.5
29.5
29.5
29.5
29.5
29.6
29.5
29.4
29.4
29.4
29.3
29.1
29.1
29.0
29.0
29.1
29.1
29.2
29.3
29.3
29.5
29.6
29.6
29.7
29.8
29.8
29.8
29.8
29.8
29.9
29.8
29.8
29.8
29.9
29.9
29.9
29.9
29.9
30.0
29.9
30.0
30.1
30.1
30.2
30.2
30.2
30.1
30.3
30.5
30.6
30.4
30.4
30.3
30.3
30.3
30.2
30.2
30.2
30.3
30.3
30.3
30.3
30.3
30.3
30.4
30.3
30.3
30.3
30.3
30.3
30.3
30.3
30.3
30.3
30.3
30.3
30.3
30.3
30.3
30.3
30.3
30.2
30.2
30.2
30.3
30.2
30.3
30.2
30.2
30.3
30.3
30.2
30.3
30.3
30.3
30.3
30.2
30.2
30.2
30.3
30.3
30.3
30.2
30.2
30.2
30.1
30.1
30.0
30.1
30.1
30.1
30.1
30.2
30.1
30.1
30.1
30.1
30.1
30.1
30.1
30.1
30.0
30.0
30.0
30.0
30.0
30.0
30.0
30.0
30.0
29.9
29.9
29.9
29.9
29.9
30.0
29.9
29.8
29.8
29.8
29.7
35.3
45.7
45.7
45.6
45.7
45.6
45.5
45.3
45.3
45.3
45.0
30.5
30.4
30.3
30.3
30.2
30.2
30.2
30.2
30.2
30.2
30.1
30.1
30.1
30.2
30.2
30.2
30.2
30.2
30.2
30.2
30.2
30.1
30.1
30.1
30.0
30.0
30.0
30.0
30.0
30.0
30.0
29.9
30.0
30.0
30.0
29.9
30.0
30.0
29.9
29.9
29.9
29.9
29.9
29.8
29.7
29.5
29.4
29.3
29.3
29.3
29.2
29.2
29.1
29.2
29.2
29.3
29.2
29.1
29.2
29.2
29.2
39.9
30.1
30.1
30.1
30.2
30.2
30.1
30.1
30.1
30.1
30.1
30.0
29.9
30.0
30.0
30.0
30.0
30.0
30.0
30.0
30.0
30.0
30.0
30.0
30.0
30.0
30.0
29.9
29.9
29.9
29.9
29.9
29.9
29.9
29.9
29.9
29.9
29.9
29.9
29.9
29.9
29.9
29.9
29.9
29.8
29.7
29.6
29.7
29.6
29.4
29.3
29.2
29.2
29.1
29.2
29.2
29.2
29.2
29.2
29.3
29.3
29.2
29.5
46.8
46.7
