26.5
34.3
59.0
85.4
85.7
86.0
86.3
86.5
86.8
87.0
87.2
87.4
87.6
87.8
87.9
88.1
88.2
88.3
88.4
88.5
88.6
88.7
88.8
88.8
88.9
89.0
89.0
89.1
89.1
89.1
89.2
89.3
89.3
89.3
89.3
89.4
89.4
89.4
89.4
89.4
89.4
89.5
89.5
89.5
89.5
89.5
89.5
89.5
89.5
89.5
89.5
89.5
89.5
89.5
89.5
89.5
89.5
89.5
89.6
89.5
89.5
89.5
89.5
89.5
89.4
89.5
89.5
89.5
89.5
89.5
89.5
89.5
89.5
89.5
89.5
89.5
89.5
89.5
89.5
89.5
89.6
89.6
89.6
89.6
89.6
89.6
89.5
89.5
89.6
89.5
89.6
89.5
89.6
89.6
89.6
89.6
89.6
89.5
89.6
89.6
89.6
89.6
89.6
89.6
89.6
89.6
89.6
89.6
89.6
89.6
89.6
89.6
89.6
89.6
89.6
89.7
89.6
89.7
89.7
89.6
89.6
89.6
89.6
89.6
89.6
89.6
89.6
89.6
89.6
89.7
89.6
89.6
89.6
89.6
89.6
89.6
89.6
89.6
89.6
89.6
89.6
89.6
89.6
89.6
89.6
89.6
89.6
89.6
89.6
89.6
89.7
89.6
89.6
89.6
89.6
89.6
89.6
89.6
89.6
89.6
89.6
89.6
89.6
89.6
89.6
89.6
89.6
89.6
89.6
89.6
89.6
89.6
89.6
89.6
89.6
89.6
89.6
89.6
89.7
89.6
89.6
89.6
89.7
89.6
89.6
89.6
89.7
89.6
89.6
89.6
89.6
89.6
89.7
