26.6
27.2
54.2
84.2
84.3
84.6
84.8
85.0
85.1
85.3
85.4
85.6
85.8
85.9
86.0
86.1
86.2
86.3
86.3
86.4
86.5
86.6
86.6
86.7
86.7
86.8
86.8
86.8
86.9
86.9
87.0
87.0
87.0
87.1
87.1
87.1
87.1
87.2
87.2
87.2
87.2
87.2
87.2
87.3
87.3
87.3
87.3
87.3
87.3
87.3
87.3
87.3
87.3
87.4
87.3
87.3
87.4
87.4
87.3
87.3
87.3
87.4
87.4
87.4
87.3
87.3
87.4
87.3
87.4
87.4
87.3
87.3
87.4
87.4
87.4
87.4
87.4
87.4
87.4
87.4
87.3
87.3
87.4
87.4
87.4
87.4
87.3
87.3
87.4
87.4
87.3
87.4
87.4
87.3
87.4
87.4
87.3
87.3
87.4
87.4
87.4
87.4
87.4
87.4
87.4
87.4
87.3
87.3
87.3
87.3
87.3
87.3
87.4
87.4
87.4
87.4
87.3
87.4
87.4
87.4
87.4
87.4
87.3
87.4
87.3
87.4
87.4
87.3
87.3
87.3
87.3
87.3
87.4
87.4
87.4
87.4
87.4
87.4
87.4
87.4
87.3
87.3
87.4
87.4
87.3
87.4
87.4
87.4
87.4
87.3
87.3
87.3
87.3
87.3
87.3
87.3
87.3
87.3
87.3
87.3
87.4
87.4
87.4
