35.7
35.9
49.5
49.8
49.7
80.7
90.6
91.1
91.5
91.8
92.0
92.1
92.2
92.3
92.3
92.4
92.4
92.4
92.3
92.4
92.3
92.3
92.3
92.2
92.2
92.2
92.1
92.1
92.0
92.0
91.9
91.8
91.8
91.8
91.8
91.8
91.7
91.7
91.6
91.7
91.7
91.6
91.6
91.6
91.6
91.5
91.5
91.5
91.5
91.5
91.4
91.4
91.4
91.4
91.4
91.4
91.4
91.4
91.3
91.3
91.3
91.3
91.2
91.3
91.3
91.3
91.3
91.3
91.2
91.2
91.2
91.2
91.2
91.1
91.1
91.1
91.1
91.1
91.1
91.2
91.2
91.2
91.2
91.1
91.2
91.2
91.2
91.2
91.3
91.3
91.3
91.3
91.3
91.3
91.3
91.4
91.4
91.4
91.4
91.4
91.4
91.4
91.4
91.4
91.4
91.3
91.3
91.3
91.4
91.4
91.4
91.3
91.4
91.3
91.3
91.3
91.3
91.3
91.3
91.4
91.4
91.3
91.3
91.4
91.4
91.4
91.4
91.4
91.4
91.5
91.5
91.4
91.4
91.4
91.4
91.4
91.4
91.4
91.5
91.5
91.4
91.4
91.5
91.5
91.5
91.5
91.5
91.5
91.5
91.5
91.5
91.5
91.4
91.4
91.4
91.4
91.4
91.4
91.4
91.4
91.4
91.4
91.4
91.4
91.4
91.4
91.4
91.4
91.4
91.5
91.5
91.5
91.5
91.5
91.5
91.5
91.5
91.5
91.5
91.5
91.5
91.5
91.5
91.5
91.5
91.6
91.6
91.6
91.6
91.5
91.4
91.4
91.4
91.4
91.4
91.4
91.5
91.5
91.5
91.5
91.5
91.5
91.6
91.6
91.6
91.5
91.5
91.5
91.5
91.6
91.6
91.6
91.6
91.6
91.6
91.6
91.7
91.7
91.7
91.6
91.6
91.6
91.6
91.6
91.6
91.5
91.5
91.6
91.5
91.6
91.6
91.6
91.5
91.5
91.6
91.5
91.5
91.5
91.5
91.5
91.5
91.4
91.5
91.5
91.5
91.5
91.5
91.5
91.4
91.4
91.4
91.5
91.5
91.5
91.5
91.5
