25.9
26.0
26.0
26.0
26.0
26.0
26.0
26.0
26.0
26.0
26.0
40.3
40.6
40.9
41.2
41.4
41.6
41.8
41.9
42.1
42.2
29.5
29.0
28.6
28.3
28.0
27.8
27.5
27.3
27.2
27.0
33.4
43.2
43.2
43.2
43.2
43.1
43.1
43.2
43.1
43.2
36.6
26.4
26.3
26.2
26.2
26.2
26.2
26.1
26.1
26.1
26.1
42.6
42.6
42.7
42.7
42.8
42.8
42.9
42.9
42.9
43.0
27.2
27.0
26.8
26.7
26.7
26.6
26.5
26.5
26.4
26.3
36.4
43.0
43.0
43.0
43.0
43.0
43.0
43.0
43.1
43.1
33.4
26.2
26.1
26.1
26.0
26.1
42.8
42.8
42.9
43.0
43.0
26.2
26.1
26.1
26.1
26.1
26.1
26.1
26.1
26.1
26.1
40.9
41.1
41.4
41.6
41.8
42.0
42.1
42.2
42.3
