40.1
66.1
78.8
78.9
79.0
79.1
79.2
79.4
79.5
79.6
79.7
79.9
79.8
79.8
79.9
79.9
80.0
80.0
80.1
80.1
80.2
80.3
80.6
81.0
81.4
81.6
81.8
82.0
82.4
82.5
82.6
82.7
82.8
82.9
83.1
83.1
83.2
83.2
83.3
83.3
83.4
83.4
83.6
83.7
83.7
83.8
83.7
83.8
83.9
84.0
84.0
84.0
84.0
84.1
84.1
84.1
84.1
84.2
84.0
84.1
84.3
84.4
84.5
84.6
84.5
84.4
84.3
84.2
84.2
84.1
84.1
84.0
84.1
84.1
84.1
84.1
84.3
84.4
84.3
84.3
84.5
84.5
84.5
84.5
84.4
84.3
84.2
84.2
84.3
84.3
84.2
84.3
84.4
84.4
84.3
84.4
84.4
84.4
84.4
77.9
78.6
79.3
79.7
80.0
80.2
80.5
80.7
80.8
81.2
81.4
81.6
81.7
81.8
82.0
82.3
82.6
82.8
83.1
83.3
83.4
83.6
83.7
83.9
84.0
84.1
84.2
84.3
84.4
84.5
84.6
84.6
84.7
84.8
84.8
84.8
84.9
84.9
84.9
84.9
84.9
84.9
84.9
84.8
84.8
84.9
84.8
84.7
84.7
84.8
84.7
84.7
84.7
84.8
84.8
84.8
84.7
84.7
84.6
84.6
84.6
84.5
84.4
84.4
84.4
84.5
84.5
84.6
84.7
84.7
84.8
84.9
84.8
84.8
84.8
84.9
84.9
84.9
84.9
84.9
85.0
85.0
85.0
85.0
85.0
84.9
85.0
85.0
85.0
84.9
84.9
84.8
84.8
84.8
78.6
78.9
79.3
79.6
79.9
80.1
80.3
80.5
80.7
80.8
80.9
81.0
81.0
81.0
81.1
81.1
81.2
81.3
81.3
81.3
81.3
81.3
81.4
81.4
81.4
81.5
81.5
81.5
81.6
81.6
81.7
82.0
82.2
82.5
82.8
82.9
83.1
83.2
83.4
83.5
83.6
83.6
83.7
83.7
83.7
83.8
83.8
83.9
83.9
83.9
83.9
83.9
83.9
83.9
83.9
83.9
83.9
83.9
83.9
84.0
84.0
83.9
83.9
83.9
83.8
83.8
83.8
83.8
83.8
83.8
83.8
83.8
83.7
83.8
83.8
83.8
83.8
83.8
83.7
83.7
83.7
83.8
83.8
83.9
83.9
84.0
84.0
84.1
84.1
84.1
84.1
84.1
84.1
84.1
84.1
84.1
84.2
84.1
84.2
84.2
83.6
83.3
83.0
82.8
82.6
82.4
82.3
82.1
82.0
81.9
81.8
81.7
81.6
81.6
81.5
81.5
81.5
81.4
81.4
81.5
81.4
81.8
82.1
82.3
82.5
82.7
82.9
83.0
83.0
83.2
83.3
83.3
83.3
83.3
83.4
83.4
83.4
83.4
83.4
83.5
83.5
83.5
83.5
83.5
83.5
83.5
83.6
83.6
83.6
83.6
83.6
83.7
83.6
83.7
83.7
83.7
83.7
83.6
83.6
83.6
83.5
83.6
83.6
83.6
83.6
83.6
83.6
83.7
83.7
83.7
83.6
83.6
83.6
83.5
83.6
83.6
83.6
83.6
83.6
83.6
83.6
83.6
83.6
83.6
83.6
83.5
83.5
83.5
83.5
83.5
83.4
83.6
83.6
83.7
83.7
83.8
83.8
83.8
83.9
83.9
83.8
77.5
77.9
78.4
78.8
79.1
79.4
79.6
79.9
80.0
80.2
80.3
80.4
80.5
80.5
80.6
80.7
80.8
80.8
80.9
80.9
81.2
81.5
81.9
82.2
82.5
82.7
82.9
83.1
83.3
83.4
83.5
83.6
83.7
83.9
83.9
84.0
84.1
84.2
84.2
84.2
84.3
84.2
84.3
84.3
84.2
84.3
84.2
84.2
84.2
84.2
84.2
84.2
84.2
84.2
84.3
84.3
84.3
84.3
84.4
84.4
84.4
84.4
84.4
84.4
84.4
84.3
84.4
84.3
84.3
84.4
84.3
84.3
84.4
84.4
84.4
84.4
84.4
84.5
84.5
84.5
84.4
84.4
84.4
84.5
84.4
84.5
84.4
84.4
84.5
84.4
84.4
84.4
84.4
84.4
84.5
84.5
84.5
84.6
84.6
