27.3
27.9
35.1
47.6
47.4
47.4
47.5
47.7
47.8
42.6
32.2
41.1
41.1
48.0
48.0
48.1
63.2
85.2
85.3
85.3
85.3
85.3
85.4
85.5
85.6
85.6
85.7
85.8
85.8
85.9
85.8
85.9
85.8
85.8
85.7
85.8
85.8
85.9
85.9
86.1
86.3
86.2
86.2
86.1
86.0
86.1
86.2
86.5
86.6
86.7
86.6
86.5
86.5
86.6
86.7
86.7
86.7
86.7
86.7
86.7
86.7
86.7
86.7
86.7
86.7
86.7
86.6
86.5
86.7
86.6
86.7
86.8
86.8
86.8
86.9
86.9
86.8
86.8
86.8
86.6
86.7
86.7
86.7
86.7
86.8
86.8
86.7
86.6
86.5
86.5
86.6
86.6
86.7
86.7
86.7
86.8
86.8
86.8
86.8
86.8
86.8
86.9
87.0
87.1
87.1
87.0
87.1
87.0
86.9
86.9
86.9
86.9
86.8
86.8
86.7
86.7
86.6
86.6
86.6
86.7
86.7
86.7
86.5
86.4
86.3
86.3
86.5
86.6
86.5
86.2
86.0
85.9
85.6
85.5
85.5
85.5
85.6
85.7
85.7
85.7
85.7
85.5
85.6
85.8
85.7
85.6
85.6
85.5
85.5
85.6
85.9
85.9
86.0
86.0
85.8
85.7
85.5
85.4
85.3
85.4
85.2
85.2
85.3
85.3
85.4
85.5
85.4
85.5
85.6
85.8
85.8
85.8
85.6
85.7
85.5
85.4
85.4
85.3
85.2
85.2
85.3
85.4
85.6
85.8
85.8
85.9
85.9
85.9
85.9
85.7
85.5
85.4
85.6
85.4
85.4
85.5
85.4
85.3
85.2
85.2
85.1
85.1
85.1
85.1
85.2
85.2
85.2
85.2
85.2
85.3
85.1
85.2
85.3
85.4
85.3
85.3
85.3
85.4
85.4
85.6
85.5
85.6
85.6
85.7
85.8
85.6
85.4
85.4
85.5
85.7
85.7
85.8
85.7
85.5
85.4
85.4
85.3
85.3
85.3
85.2
85.1
85.2
85.4
85.6
85.5
85.6
85.7
85.8
85.8
85.6
85.5
85.9
85.8
85.9
85.8
85.7
85.5
85.5
85.4
85.4
85.5
85.6
85.5
85.6
85.7
85.8
86.0
86.0
85.9
85.9
85.8
85.6
85.5
85.7
85.8
85.9
85.9
85.7
85.7
85.5
85.6
85.5
85.5
85.4
85.5
85.8
85.9
86.0
85.8
85.7
85.7
85.6
85.6
85.8
85.8
85.9
86.0
86.0
85.8
85.8
85.7
85.7
85.8
85.8
85.7
85.5
85.3
85.0
84.9
84.9
85.0
85.1
85.2
85.4
85.5
85.6
85.4
85.5
85.6
85.8
85.8
85.9
85.7
85.7
85.7
85.7
85.6
85.5
85.6
85.4
85.4
85.5
85.5
85.4
85.4
85.4
85.3
85.3
85.4
85.4
85.5
85.4
85.3
85.2
85.1
85.2
85.2
85.3
85.3
85.4
85.3
85.1
85.0
85.0
85.2
85.3
85.4
85.3
85.1
85.0
85.1
85.2
85.3
85.4
85.3
85.3
85.3
85.3
85.5
85.7
85.7
85.6
85.4
85.2
85.0
85.0
85.2
85.5
85.6
85.6
85.5
85.6
85.3
85.0
85.0
85.1
85.2
85.3
85.4
85.4
85.2
85.1
85.1
85.2
85.3
85.4
85.3
85.3
85.2
85.1
85.2
85.4
85.2
85.3
85.2
85.2
85.2
85.3
85.2
85.0
85.1
85.0
85.2
85.4
85.5
85.5
85.5
85.4
85.5
85.6
85.4
85.4
85.2
85.3
85.2
85.1
85.1
85.0
85.0
85.0
85.3
85.4
85.6
85.7
85.8
85.7
85.5
85.5
85.4
85.5
85.4
85.6
85.5
85.4
85.5
85.4
85.4
85.5
85.5
85.4
85.5
85.6
85.7
85.7
85.5
85.3
85.3
85.3
85.4
85.3
85.4
85.4
85.5
85.5
85.7
85.8
86.2
86.5
86.6
86.6
86.6
86.8
86.7
86.7
86.8
86.8
86.7
86.6
86.6
86.5
86.4
86.4
86.3
86.3
86.1
86.1
85.9
85.9
85.9
86.0
85.8
85.8
85.8
85.7
85.6
85.5
85.5
85.6
85.7
86.0
86.0
86.0
85.9
85.9
85.7
85.7
85.8
85.8
85.7
85.5
85.1
85.2
85.4
85.4
85.5
85.6
85.8
85.8
85.9
85.9
86.0
86.0
86.0
86.0
85.9
85.8
85.5
85.2
85.1
85.0
84.8
84.5
84.6
84.5
84.5
84.4
84.2
84.0
83.8
83.8
83.6
83.4
83.4
83.5
83.4
83.6
83.8
83.8
83.6
83.3
83.0
83.0
83.2
83.3
83.1
82.9
82.7
82.9
83.0
83.1
83.0
83.1
83.1
83.4
83.6
83.8
83.8
83.6
83.3
83.1
83.0
82.7
82.6
82.5
82.4
82.4
82.4
82.4
82.4
82.3
82.2
82.3
82.2
82.1
81.9
81.8
81.5
81.3
81.3
81.3
81.3
81.3
81.3
81.2
81.2
81.2
81.2
81.0
80.9
80.9
80.9
81.0
81.2
81.3
81.3
81.3
81.6
81.9
82.1
82.2
82.5
82.5
82.7
82.8
82.7
82.7
82.7
82.7
82.8
82.9
83.1
83.2
83.3
83.3
83.4
83.4
83.5
83.5
83.5
83.6
83.6
83.5
83.5
83.6
83.5
83.6
83.6
83.6
83.4
83.3
83.4
83.4
83.5
83.5
83.5
83.3
83.3
83.3
83.3
83.8
83.9
84.0
84.1
84.1
84.3
84.5
84.6
84.5
84.5
84.5
85.0
85.2
85.3
85.2
85.2
85.1
85.0
84.9
85.0
85.0
84.8
84.7
84.4
84.1
84.1
84.0
84.0
83.9
84.0
84.1
84.2
84.2
84.3
84.2
84.0
83.9
83.7
83.7
83.5
83.7
83.7
83.6
83.9
84.1
84.3
84.4
84.4
84.5
84.3
84.3
84.5
84.7
85.0
85.3
85.3
85.3
85.3
85.3
85.1
84.9
84.9
85.1
85.1
84.8
84.8
84.8
84.6
84.7
85.0
85.2
85.2
85.1
85.1
84.9
84.8
84.8
84.7
84.8
84.9
84.9
84.9
84.8
84.7
84.7
84.6
84.9
84.8
84.9
84.8
84.7
84.5
84.6
84.6
84.6
84.7
84.9
85.0
85.1
85.0
84.9
84.7
84.7
84.7
84.7
84.7
84.6
84.6
84.7
84.9
84.9
84.9
84.8
84.9
84.9
84.8
84.7
84.6
84.8
84.9
85.0
84.8
84.7
84.8
84.8
85.0
84.9
84.8
84.6
84.6
84.5
84.5
84.7
84.6
84.6
84.8
84.7
84.7
84.7
84.7
84.6
84.5
84.4
84.3
84.3
84.4
84.2
84.2
84.2
84.4
84.4
84.5
84.7
84.5
84.4
84.5
84.6
84.6
84.7
84.7
84.8
84.8
84.8
84.6
84.5
84.5
84.4
84.4
84.4
84.3
84.4
84.4
84.5
84.3
84.3
84.3
84.4
84.7
84.8
84.6
84.5
84.5
84.5
84.5
84.7
84.8
84.9
84.9
84.9
84.8
84.6
84.7
84.6
84.6
84.7
84.7
84.8
84.7
84.8
84.8
84.6
84.5
84.4
84.5
84.3
84.3
84.4
84.5
84.4
84.3
84.2
84.2
84.3
84.2
84.3
84.4
84.3
84.4
84.5
84.4
84.5
84.5
84.4
84.3
84.3
84.3
84.3
84.4
84.5
84.4
84.6
84.5
84.5
84.4
84.3
84.6
84.6
84.6
84.6
84.6
84.5
84.6
84.7
84.7
84.7
84.7
84.5
84.3
84.4
84.4
84.6
84.7
84.7
84.7
84.6
84.5
84.5
84.5
84.5
84.6
84.5
84.4
84.4
84.6
84.6
84.6
84.6
84.5
84.5
84.5
84.4
84.5
84.6
84.6
84.6
84.8
84.8
84.9
85.0
85.0
84.9
84.7
84.5
84.5
84.4
84.4
84.4
84.6
84.7
84.7
84.7
84.7
84.9
84.8
84.7
84.8
85.0
85.0
84.8
84.7
84.7
84.6
84.5
84.6
84.9
84.9
84.8
84.8
84.8
84.8
84.7
84.6
84.6
84.6
84.6
84.3
84.4
84.3
84.4
84.5
84.5
84.6
84.4
84.4
84.5
84.6
84.7
84.7
84.9
84.9
84.8
84.6
84.6
84.4
84.6
84.7
84.7
84.6
84.4
84.3
84.1
84.3
84.6
84.6
84.6
84.5
84.5
84.6
84.5
84.6
84.7
84.7
84.8
84.8
84.8
84.7
84.4
84.2
84.1
84.3
84.5
84.6
84.6
84.4
84.4
84.5
84.5
84.7
85.0
85.3
85.5
85.5
85.4
85.5
85.9
86.0
86.0
86.0
85.9
85.7
85.6
85.4
85.6
85.7
85.6
85.6
85.5
85.4
85.1
85.2
85.5
85.6
85.6
85.7
85.6
85.4
85.3
85.2
85.1
84.9
84.8
84.8
84.7
84.7
84.8
84.8
84.8
84.7
84.8
84.8
84.9
84.8
84.9
84.9
84.7
84.9
84.9
84.9
84.7
84.7
84.8
84.8
84.8
84.8
84.7
84.7
84.9
85.1
85.3
85.4
85.5
85.4
85.5
85.5
85.4
85.4
85.6
85.7
85.8
85.8
85.5
85.4
85.2
85.1
85.2
85.3
85.1
85.1
85.1
85.1
84.9
84.9
85.1
85.3
85.3
85.2
85.3
85.3
85.1
84.9
84.9
85.0
85.0
85.3
85.3
85.3
85.3
85.2
85.0
84.9
84.7
84.7
84.8
84.8
85.0
84.8
84.8
84.5
84.4
84.3
84.5
84.5
84.6
84.8
84.8
84.7
84.6
84.5
84.4
84.4
84.3
84.1
84.2
84.3
84.5
84.5
84.5
84.6
84.6
84.6
84.8
84.6
64.4
49.0
49.0
49.1
