26.3
34.5
50.3
84.0
84.6
85.1
85.7
86.2
86.6
86.9
87.3
87.6
87.9
88.2
88.4
88.6
88.9
89.0
89.2
89.4
89.6
89.7
89.8
89.9
89.9
90.0
90.1
90.1
90.2
90.2
90.3
90.3
90.4
90.4
90.4
90.4
90.4
90.3
90.4
90.3
90.1
90.1
90.1
90.1
90.1
90.1
90.2
90.1
90.1
90.1
90.1
90.1
90.2
90.1
90.1
90.1
90.2
90.1
90.1
90.0
89.9
90.1
90.1
90.2
90.3
90.4
90.4
90.4
90.4
90.5
90.6
90.6
90.6
90.7
90.7
90.7
90.8
90.8
90.8
90.8
90.8
90.9
90.9
90.9
90.9
90.8
90.9
90.9
91.0
90.9
90.9
90.9
91.0
91.0
91.0
90.9
90.9
90.9
90.9
90.9
90.9
90.9
90.8
90.9
90.9
90.9
90.9
90.9
90.9
90.9
90.9
90.9
90.9
90.9
90.9
90.9
90.9
90.8
90.9
90.9
90.9
90.9
90.8
90.8
90.9
90.9
90.8
90.8
90.8
