25.9
25.9
26.0
25.9
26.0
26.0
26.0
26.0
26.0
26.0
26.3
47.2
47.2
47.2
47.3
47.3
47.4
47.4
47.4
47.5
47.1
26.6
26.5
26.4
26.4
26.3
26.3
26.2
26.2
26.2
26.1
42.4
43.0
43.6
44.1
44.5
44.9
45.2
45.5
45.8
46.0
31.6
26.0
26.0
25.9
25.9
25.9
25.9
25.9
25.9
25.9
32.6
47.2
47.2
47.2
47.3
47.3
47.3
47.3
47.4
47.4
41.1
26.4
26.3
26.3
26.3
26.2
26.2
26.2
26.1
26.1
26.0
43.2
43.7
44.1
44.6
44.9
45.2
45.5
45.8
45.9
46.2
30.9
30.2
29.7
29.2
28.8
28.5
28.1
27.9
27.7
27.5
34.3
47.2
47.2
47.2
47.3
47.3
47.3
47.3
47.4
47.4
40.3
26.0
26.0
26.0
25.9
25.9
25.9
25.9
26.0
26.0
26.0
46.3
46.4
46.5
46.6
46.7
46.8
46.9
47.0
