26.3
26.5
26.4
26.4
26.4
26.3
26.3
26.3
26.2
26.2
26.2
26.7
43.0
43.0
43.0
43.0
43.0
43.0
43.0
43.0
43.0
42.6
26.4
26.3
26.3
26.2
26.2
26.1
26.1
26.1
26.1
26.0
40.7
40.9
41.2
41.5
41.7
41.9
42.0
42.1
42.3
42.4
29.5
29.0
28.6
28.3
28.0
27.7
27.5
27.3
27.1
27.0
32.8
42.8
42.8
42.8
42.9
42.9
42.9
42.9
42.9
42.9
36.8
26.0
26.0
25.9
25.9
25.9
25.9
25.9
26.0
25.9
31.2
43.0
43.0
43.0
43.0
43.0
43.0
43.1
43.1
43.1
42.6
26.2
26.2
26.2
26.2
26.1
26.2
26.1
26.1
26.1
26.0
41.6
41.7
41.9
42.1
42.2
42.3
42.4
42.5
42.6
42.6
28.2
27.9
27.7
27.5
27.3
27.1
27.0
26.9
26.8
26.8
33.0
42.8
42.8
42.8
42.9
42.9
42.9
42.9
43.0
