26.4
34.3
34.0
33.7
33.7
44.3
76.7
84.8
84.8
84.8
84.9
84.8
84.9
85.0
85.0
85.1
85.2
85.3
85.3
85.4
85.4
85.4
85.4
85.5
85.6
85.6
85.6
85.7
85.8
85.9
85.9
85.9
86.0
85.9
86.0
86.0
86.1
86.1
86.1
86.1
86.1
86.2
86.2
86.2
86.2
86.2
86.2
86.1
85.9
85.9
85.9
85.8
85.7
85.7
85.8
85.9
85.8
85.8
85.8
85.8
85.8
85.8
85.9
85.9
85.8
85.8
85.8
85.8
85.8
85.7
85.7
85.7
85.7
85.7
85.6
85.7
85.7
85.7
85.8
85.8
85.8
85.8
85.8
85.8
85.8
85.8
85.8
85.9
85.9
85.9
86.0
85.9
85.9
85.9
85.9
85.9
85.8
85.9
85.8
85.9
85.9
85.8
85.8
85.8
85.8
85.7
85.7
85.7
85.7
85.8
85.8
85.8
85.8
85.8
85.7
85.8
85.8
85.7
85.8
85.8
85.8
85.8
85.8
85.6
85.6
85.6
85.6
85.5
85.5
85.4
85.4
85.4
85.4
85.4
85.4
85.3
85.3
85.3
85.3
85.3
85.3
85.2
85.2
85.2
85.3
85.2
85.3
85.3
85.3
85.4
85.3
85.4
85.3
85.3
85.3
85.3
85.3
85.4
85.3
85.4
85.4
85.4
85.4
85.4
85.4
85.3
85.3
85.3
85.3
85.4
85.4
85.4
85.5
85.5
85.5
85.6
85.6
85.7
85.7
85.7
85.5
85.6
85.4
85.4
85.4
85.3
85.3
85.3
85.3
85.3
85.3
85.3
85.2
85.2
85.2
85.1
85.2
85.2
85.2
85.2
85.3
85.3
85.4
85.4
85.3
85.4
85.4
85.3
85.4
85.5
85.5
85.5
85.5
85.4
85.4
85.4
85.4
85.4
85.3
85.3
85.3
85.2
85.2
85.2
85.2
85.2
85.2
85.2
85.2
85.1
85.1
85.0
84.9
84.9
85.0
85.0
84.9
84.9
84.9
84.9
84.8
84.8
84.8
84.8
84.7
84.8
84.8
84.8
84.7
84.6
84.7
84.7
84.6
84.6
84.6
84.6
84.6
84.5
84.5
84.5
84.5
84.4
84.4
84.4
84.3
84.3
84.3
84.3
84.3
84.4
84.4
84.4
84.4
84.4
84.4
84.4
84.4
84.4
84.3
84.3
84.3
84.3
84.2
84.2
84.3
84.3
84.3
84.5
84.5
84.6
85.0
84.9
85.0
84.9
84.8
84.7
84.7
84.5
84.6
84.4
84.4
84.4
84.5
84.5
84.5
84.5
84.6
84.5
84.6
84.6
84.7
84.7
84.8
84.9
85.0
85.0
85.0
85.1
85.1
85.2
85.3
85.3
85.4
85.4
85.5
85.6
85.6
85.6
85.7
85.6
85.7
85.6
85.6
85.5
85.5
85.5
85.5
85.5
85.6
85.7
85.7
85.7
85.8
85.8
85.9
85.9
85.9
85.8
85.8
85.8
85.9
85.8
85.8
85.9
85.9
85.9
85.9
85.9
85.9
85.8
85.8
85.8
85.8
85.7
85.7
85.6
85.5
85.5
85.4
85.4
85.4
85.3
85.2
85.2
85.2
85.2
85.1
85.1
85.0
85.1
85.0
85.0
84.9
84.9
84.9
84.9
84.9
85.0
85.0
85.1
85.1
85.2
85.2
85.2
85.2
85.2
85.2
85.2
85.3
85.2
85.1
85.0
85.0
85.0
85.0
85.0
85.0
85.0
85.0
85.1
85.1
85.1
85.2
85.2
85.2
85.3
85.2
85.2
85.2
85.2
85.1
85.1
85.2
85.1
85.2
85.2
85.1
85.1
85.1
85.0
85.0
85.0
84.9
85.0
85.0
85.0
85.0
85.0
84.9
85.0
85.0
85.1
85.1
85.3
85.3
85.4
85.4
85.4
85.4
85.5
85.5
85.6
85.7
85.7
85.6
85.6
85.6
85.5
85.4
75.7
75.7
75.7
75.8
75.7
75.8
75.7
75.8
75.7
75.7
75.8
75.8
75.7
75.7
75.7
75.7
75.7
75.7
75.6
75.7
75.7
75.6
75.6
75.6
75.5
75.5
75.6
75.5
75.6
75.5
75.5
75.5
75.6
75.5
75.5
75.5
75.5
75.5
75.5
75.5
75.5
75.5
75.5
75.4
75.4
75.4
75.4
75.4
75.3
75.3
75.3
75.2
75.2
75.2
75.2
75.2
75.2
75.1
75.1
75.2
75.1
75.1
75.1
75.1
75.0
75.0
75.0
75.0
75.0
75.0
74.9
75.0
74.9
74.9
75.0
74.9
74.9
74.7
61.7
61.7
61.6
61.6
61.6
61.6
61.6
61.6
61.6
61.6
61.6
61.6
61.6
61.5
61.5
61.5
61.5
60.9
48.4
75.9
89.2
89.2
89.3
89.4
89.5
89.6
89.6
64.6
64.4
54.2
78.0
90.0
90.0
90.1
90.1
90.2
90.3
90.0
64.4
64.2
54.5
75.7
90.2
90.2
90.2
90.2
90.3
90.4
90.2
68.0
67.3
