26.5
42.0
47.2
77.8
78.1
84.4
84.4
73.8
60.5
67.1
86.3
67.4
85.9
85.5
68.6
68.2
60.3
60.3
60.0
70.7
87.3
87.3
87.4
87.5
75.5
75.6
64.9
64.9
65.1
49.0
37.6
51.3
50.8
50.3
42.8
48.0
48.1
48.2
48.2
48.0
47.5
47.6
47.8
47.9
37.2
37.3
48.8
48.7
48.7
48.6
48.7
48.7
48.8
48.8
48.8
48.6
48.6
48.6
29.9
49.0
49.0
49.0
49.0
48.9
58.4
84.2
84.2
84.4
84.5
84.7
84.7
84.9
85.0
85.0
85.0
85.2
85.3
85.4
85.5
85.6
85.7
85.8
85.9
85.9
86.0
86.0
86.1
86.1
86.1
86.1
86.1
86.2
86.2
86.2
86.2
86.3
86.3
86.4
86.4
86.3
86.5
86.6
86.6
86.6
86.6
86.5
86.6
86.6
86.8
86.7
86.8
86.8
86.7
86.7
86.7
86.6
86.7
86.8
86.6
86.8
86.7
86.7
86.7
86.7
86.7
86.6
86.6
86.6
86.7
86.6
86.6
86.6
86.7
86.6
86.6
86.6
86.5
86.7
86.7
86.7
86.7
86.7
86.7
86.7
86.8
86.7
86.7
86.7
86.8
86.8
86.7
86.6
86.6
52.6
52.2
57.4
50.7
50.7
50.8
80.2
85.7
85.7
85.7
85.8
85.8
85.8
85.9
85.9
86.0
