27.0
32.2
39.5
77.1
77.4
77.7
78.2
78.4
78.6
78.8
78.9
79.0
79.2
79.2
79.1
78.6
72.6
72.8
73.5
78.6
78.5
78.5
78.3
78.4
78.2
78.3
78.1
78.0
78.1
78.2
78.2
78.3
78.5
78.4
78.2
78.2
78.3
78.4
78.5
78.4
72.8
72.8
72.5
72.2
71.9
71.7
71.6
71.4
71.1
71.1
70.8
70.7
70.5
70.4
70.3
70.2
70.2
70.2
70.1
70.1
70.1
70.6
81.1
81.1
81.0
81.0
80.7
80.5
80.4
80.5
80.6
80.3
80.1
80.0
79.6
79.8
79.7
79.5
79.0
79.0
78.7
79.0
78.8
78.7
78.5
78.6
78.9
78.7
78.8
79.0
79.1
79.2
79.1
79.1
78.9
79.0
78.9
78.8
78.9
78.7
78.8
78.3
78.3
78.0
78.0
78.2
78.2
78.0
78.1
78.4
78.4
78.5
78.2
78.4
78.3
78.3
78.5
78.4
78.5
78.5
78.2
78.2
78.4
78.4
78.5
78.5
78.7
78.8
78.8
79.0
78.8
79.1
79.2
78.8
78.7
79.0
79.1
79.1
78.9
78.9
78.7
79.3
79.3
79.4
79.4
79.6
79.6
79.6
79.6
79.8
80.0
79.9
79.7
79.6
79.5
79.5
79.1
79.0
79.2
79.3
79.3
79.3
79.3
79.3
79.4
79.5
79.5
79.7
79.7
79.6
79.4
79.4
79.8
79.4
79.7
79.5
79.6
79.6
79.6
79.6
79.7
79.9
79.8
79.7
79.5
78.9
78.8
79.0
79.0
78.9
78.9
79.0
78.7
78.7
78.7
79.0
78.9
79.0
78.9
79.1
79.1
79.1
78.9
78.4
78.4
78.3
78.2
78.3
78.2
78.3
78.0
78.2
78.3
78.4
78.4
78.5
78.4
78.5
78.1
77.9
77.6
77.4
77.3
77.1
77.0
77.1
76.9
77.2
77.4
77.3
77.6
77.2
76.8
76.9
76.9
76.6
77.1
77.1
77.0
77.1
77.3
77.7
77.8
78.0
78.2
77.9
78.3
78.3
78.1
78.1
78.2
78.2
78.1
78.1
77.9
78.0
77.8
78.1
78.2
78.4
78.3
78.4
78.5
78.7
78.8
