49.5
65.5
65.5
65.6
65.5
65.5
65.4
65.5
65.6
65.5
65.5
65.5
65.4
65.4
65.5
65.5
65.5
65.5
65.5
65.6
65.7
65.8
65.8
65.9
65.9
65.9
66.0
65.9
65.9
66.0
65.9
66.0
66.0
66.0
66.0
66.1
66.1
66.1
66.2
66.2
66.2
66.2
66.2
66.2
66.3
66.3
66.4
66.4
66.3
66.4
66.4
66.4
66.4
66.5
66.4
66.4
66.5
66.5
66.5
66.4
66.4
66.5
66.5
66.5
66.5
66.5
66.5
66.5
66.5
66.5
66.6
66.5
66.5
66.6
66.6
66.6
66.6
66.6
66.7
66.6
66.6
66.7
66.6
66.6
66.7
66.7
66.6
66.6
66.6
66.6
66.6
66.6
66.6
66.6
66.6
66.6
66.7
66.7
66.7
66.7
66.7
66.7
66.7
57.4
66.1
66.1
66.2
66.2
66.3
66.3
66.3
66.3
66.2
66.2
66.2
66.1
66.1
66.1
66.2
66.2
66.1
66.1
66.1
66.1
66.1
66.1
66.1
66.2
66.3
66.4
66.4
66.4
66.5
66.5
66.5
66.6
66.6
66.6
66.7
66.7
66.7
66.7
66.7
66.7
66.7
66.7
66.7
66.7
66.7
66.8
66.8
66.8
66.8
66.8
66.8
66.8
66.8
66.9
66.9
66.9
66.9
66.9
66.9
66.9
66.9
67.0
67.0
67.0
67.0
67.0
67.0
67.1
67.1
67.0
67.0
67.1
67.0
67.0
67.1
67.1
67.0
67.0
67.0
67.0
67.0
67.0
67.0
67.0
67.0
67.0
67.0
67.0
67.1
67.1
67.1
67.1
67.1
67.1
67.1
67.1
67.2
67.2
67.2
67.2
67.1
67.2
66.6
66.7
66.7
66.7
66.9
66.9
67.0
67.1
67.2
67.2
67.2
67.3
67.3
67.4
67.4
67.4
67.4
67.4
67.3
67.2
67.3
67.3
67.3
67.4
67.4
67.3
67.4
67.4
67.4
67.4
67.5
67.5
67.5
67.5
67.5
67.5
67.5
67.6
67.6
67.6
67.6
67.6
67.6
67.5
67.5
67.6
67.6
67.6
67.6
67.4
67.4
67.3
67.3
67.2
67.2
67.2
67.3
67.3
67.4
67.5
67.5
67.5
67.5
67.5
67.5
67.6
67.5
67.5
67.6
67.6
67.7
67.6
67.6
67.6
67.7
67.7
67.6
67.6
67.7
67.7
67.7
67.7
67.7
67.7
67.8
67.8
67.7
67.8
67.8
67.7
67.7
67.7
67.7
67.7
67.7
67.8
67.8
67.7
67.8
67.8
67.8
67.8
67.9
67.4
67.5
67.5
67.5
67.5
67.5
67.7
67.7
67.7
67.8
67.8
67.8
67.8
67.8
67.8
67.8
67.8
67.8
67.8
67.8
67.7
67.7
67.6
67.6
67.6
67.6
67.7
67.6
67.4
67.4
67.4
67.5
67.6
67.7
67.7
67.8
67.8
67.8
67.8
67.8
67.9
67.8
67.9
67.9
67.9
67.9
68.0
68.0
68.0
68.0
68.0
68.0
68.0
68.0
68.0
68.0
68.0
68.0
68.0
68.0
68.0
68.0
68.0
68.0
68.0
68.0
68.0
68.0
68.0
68.0
68.0
68.0
68.1
68.0
68.0
67.9
67.8
67.8
67.7
67.7
67.6
67.6
67.7
67.7
67.7
67.7
67.8
67.8
67.8
67.8
67.8
67.8
67.8
67.8
67.8
67.8
67.7
67.8
67.8
67.8
67.7
67.7
67.6
67.5
