26.7
39.5
39.1
39.5
31.8
31.4
31.1
30.9
31.1
30.8
30.6
30.4
41.6
40.9
40.8
40.4
33.2
33.1
40.5
32.4
32.9
32.8
32.8
39.3
39.1
29.5
37.0
44.3
32.2
44.1
32.8
44.5
44.6
44.9
45.1
45.3
45.8
46.2
46.4
46.8
47.0
47.3
47.5
47.5
47.5
48.1
47.7
47.9
48.4
48.8
49.2
48.7
48.5
49.1
49.2
49.1
49.3
49.3
48.9
49.0
49.2
49.4
49.8
50.0
50.0
50.0
50.0
50.2
50.1
49.6
49.5
38.2
45.5
52.0
46.1
51.3
50.9
50.6
50.5
50.5
50.1
44.1
50.3
50.3
50.5
50.5
50.7
50.4
50.4
45.1
50.5
50.6
50.7
50.5
50.5
50.4
50.4
50.4
50.5
50.5
50.5
50.5
50.7
50.8
50.8
51.0
51.0
50.8
44.1
52.4
52.2
52.1
51.9
51.9
51.7
51.6
51.4
