26.6
36.8
46.5
40.3
30.7
30.6
30.6
30.8
30.7
30.8
39.3
38.9
38.9
38.6
38.0
37.8
37.8
37.8
43.0
42.4
35.7
42.8
68.2
87.7
87.8
47.4
60.7
86.9
87.0
87.1
87.3
87.5
87.6
87.7
87.9
88.0
88.1
88.2
88.2
88.3
88.3
88.4
88.4
88.4
88.5
88.5
88.6
88.7
88.6
88.7
88.7
88.7
88.7
88.6
88.7
88.7
88.7
88.8
88.7
88.7
88.7
88.7
88.8
88.8
88.8
88.8
88.8
88.8
88.8
88.8
88.9
88.8
88.9
88.9
88.9
88.8
88.8
88.8
88.8
88.8
88.8
88.8
88.8
88.8
88.8
88.8
88.7
88.7
88.7
88.7
88.8
88.7
88.7
88.8
88.8
88.8
88.8
88.8
88.9
88.9
88.9
88.8
88.8
88.8
88.9
88.9
88.8
88.9
88.8
88.8
88.9
88.9
88.9
88.9
88.9
88.9
88.9
88.8
88.8
88.8
88.8
88.8
88.8
88.8
88.8
88.9
89.0
89.0
88.9
88.8
88.9
88.9
88.9
88.9
88.9
88.9
88.9
88.9
88.9
88.8
88.8
88.8
88.8
88.8
88.8
88.8
88.9
88.8
88.8
88.8
88.8
88.8
88.9
88.9
88.8
88.8
88.8
88.8
88.8
88.7
88.7
88.7
88.7
88.6
88.7
88.7
88.6
88.6
88.7
88.7
88.6
88.7
88.6
88.6
88.6
88.6
88.6
88.6
88.6
88.6
88.5
88.6
88.6
88.6
88.7
88.6
88.6
88.6
88.6
88.6
88.6
88.6
88.6
88.6
88.5
88.6
88.5
88.5
88.5
88.4
88.1
87.9
88.0
88.0
88.0
88.2
88.1
88.1
88.1
88.2
88.2
88.3
88.3
88.3
88.3
88.3
88.4
88.4
88.4
88.4
88.4
88.4
88.5
88.5
88.4
88.4
88.3
88.4
88.3
88.3
88.3
88.2
88.2
88.3
88.2
88.2
88.2
88.2
88.2
88.2
88.2
88.2
88.1
88.2
88.2
88.2
88.2
88.2
88.1
88.2
88.2
88.1
88.1
88.1
88.2
88.2
88.2
88.2
88.2
88.2
88.3
88.3
88.3
88.2
88.2
88.3
88.3
88.2
88.2
88.2
88.3
88.4
88.3
88.3
88.3
88.3
88.3
88.3
88.3
88.3
88.2
88.2
88.2
88.2
88.2
88.2
88.2
88.2
88.1
88.1
88.0
88.0
88.1
88.1
88.0
88.0
88.0
88.0
88.1
88.0
88.1
88.1
88.0
88.1
87.9
87.9
87.8
87.6
87.5
87.5
87.4
87.3
87.2
87.1
87.0
87.0
87.1
87.2
87.3
87.4
87.5
87.6
87.6
87.7
87.8
87.9
87.9
87.8
87.9
87.9
88.0
88.0
88.0
88.0
88.1
88.2
88.1
88.1
88.1
88.1
88.1
88.1
88.1
88.1
88.1
88.1
88.2
88.1
88.2
88.1
88.1
88.1
88.2
88.2
88.2
88.1
88.1
88.2
88.2
88.1
88.2
88.2
88.2
88.1
88.2
88.1
88.1
88.0
88.0
88.1
88.0
88.0
88.0
88.0
88.0
88.0
88.0
88.0
88.0
88.1
88.1
88.1
88.1
88.1
88.2
88.2
88.2
88.2
88.1
88.1
88.2
88.2
88.2
88.1
88.1
88.2
88.2
88.1
88.2
88.2
88.2
88.2
88.1
88.1
88.1
88.1
88.2
88.2
88.1
88.1
88.1
88.2
88.3
88.2
88.2
88.1
88.2
88.2
88.2
88.2
88.2
88.2
88.2
88.2
88.1
88.1
88.1
88.2
88.2
88.1
88.1
88.1
88.0
88.1
88.1
88.1
88.0
88.1
88.1
88.1
88.1
88.1
88.1
88.1
88.2
88.2
88.3
88.2
88.1
88.2
88.2
88.2
88.2
88.2
88.2
88.2
88.2
88.2
88.2
88.2
88.2
88.4
88.4
88.3
88.3
88.3
88.3
88.3
88.2
88.2
88.1
88.1
88.2
88.1
88.1
88.1
88.1
88.2
88.1
88.1
88.1
88.1
88.1
88.1
88.0
88.0
88.1
88.1
88.2
88.1
88.2
88.2
88.2
88.3
88.3
88.3
88.3
88.3
88.2
88.2
88.3
88.2
88.2
88.2
88.2
88.1
88.2
88.2
88.2
88.3
88.2
88.3
88.3
88.3
88.3
88.3
88.4
88.4
88.3
88.3
88.4
88.5
88.5
88.4
88.4
88.4
88.4
88.4
88.3
88.3
88.3
88.3
88.3
88.2
88.2
88.2
88.2
88.2
88.3
88.3
88.3
88.3
88.4
88.4
88.4
88.4
88.3
88.4
88.4
88.3
88.3
88.3
88.3
88.3
88.2
88.2
88.2
88.2
88.3
88.2
88.2
88.2
88.2
88.1
88.1
88.1
88.1
88.2
88.2
88.2
88.2
88.2
88.2
88.2
88.2
88.2
88.2
88.2
88.2
88.3
88.3
88.2
88.3
88.2
88.2
88.3
88.3
88.3
88.3
88.3
88.3
88.3
88.3
88.3
88.3
88.3
88.3
88.3
88.3
88.3
88.3
88.4
88.4
88.4
88.4
88.4
88.4
88.3
88.3
88.2
88.3
88.3
88.3
88.4
88.3
88.3
88.3
88.4
88.3
88.3
88.2
88.2
88.3
88.3
88.3
88.3
88.2
88.2
88.3
88.3
88.2
88.2
88.2
88.2
88.2
88.1
88.2
88.2
88.2
88.2
88.2
88.2
88.2
88.2
88.3
88.3
88.2
88.2
88.2
88.3
88.2
88.2
88.1
88.2
88.2
88.2
88.2
88.2
88.2
88.2
88.2
88.1
88.2
88.2
88.2
88.3
88.3
88.3
88.3
88.3
88.4
88.4
88.4
88.3
88.3
88.2
88.3
88.3
88.3
88.2
88.3
88.3
88.4
88.3
88.3
88.3
88.2
88.3
88.3
88.2
88.2
88.2
88.3
88.2
88.2
88.2
88.2
88.2
88.2
88.2
88.2
88.2
88.2
88.3
88.3
88.2
88.2
88.2
88.2
88.2
88.2
88.2
88.1
88.2
88.3
88.3
88.3
88.3
88.3
88.4
88.5
88.4
88.3
88.3
88.3
88.4
88.4
88.3
88.3
88.3
88.3
88.3
88.4
88.4
88.3
88.3
88.3
88.3
88.3
88.2
88.2
88.2
88.3
88.2
88.2
88.2
88.1
88.2
88.2
88.2
88.2
88.1
88.2
88.2
88.2
88.1
88.2
88.2
88.2
88.2
88.2
88.3
88.2
87.9
88.0
88.0
88.1
88.1
88.0
88.1
88.1
88.1
88.1
88.2
88.2
88.2
88.2
88.2
88.1
88.1
88.2
88.2
88.2
88.2
88.1
88.2
88.2
88.1
88.1
88.1
88.0
88.3
88.4
88.3
88.3
88.3
88.3
88.2
88.2
88.2
88.1
88.1
88.1
88.2
88.2
88.2
88.2
88.2
88.2
88.2
88.2
88.2
88.2
88.2
88.3
88.2
88.2
88.2
88.2
88.3
88.3
88.3
88.2
88.2
88.3
88.3
88.3
88.3
88.2
88.2
88.2
88.2
88.3
88.3
88.3
88.4
88.3
88.3
88.4
88.4
88.4
88.3
88.3
88.3
88.3
88.3
88.4
88.3
88.2
88.2
88.2
88.3
88.2
88.2
88.2
88.2
88.2
88.3
88.2
88.2
88.3
88.3
88.2
88.2
88.2
88.2
88.1
88.2
88.1
88.1
88.1
88.1
88.1
88.2
88.2
88.2
88.1
88.1
88.2
88.2
88.2
88.1
88.2
88.2
88.2
88.1
88.1
88.1
88.1
88.2
88.2
88.1
88.1
88.0
88.2
88.3
88.3
88.3
88.2
88.2
88.3
88.2
88.2
88.1
88.0
87.8
87.4
87.5
87.5
87.5
87.6
87.7
87.8
87.8
87.8
87.8
87.9
87.9
87.9
88.0
88.0
88.0
88.1
88.1
88.0
88.1
88.1
88.1
88.1
88.0
88.1
88.1
88.1
88.1
88.1
88.0
88.0
88.1
88.1
88.1
88.1
88.1
88.1
88.2
88.2
88.2
88.1
88.1
88.1
88.2
88.2
88.2
88.2
88.1
88.2
88.1
88.1
88.2
88.1
88.2
88.1
88.2
88.1
88.1
88.0
88.1
88.1
88.1
88.1
88.1
88.2
88.2
88.2
88.3
88.3
88.3
88.3
88.3
88.3
88.3
88.4
88.4
88.4
88.4
88.4
88.4
88.5
88.5
88.5
88.4
88.4
88.4
88.4
88.3
88.3
88.2
88.2
88.3
88.3
88.3
88.2
88.2
88.2
88.3
88.2
88.2
88.1
88.2
88.2
88.2
88.1
88.1
88.0
88.2
88.2
88.2
88.2
88.2
82.7
88.2
88.2
88.1
88.1
88.1
88.2
88.1
88.1
88.1
88.2
88.1
88.2
88.1
88.0
88.0
88.1
88.2
88.1
88.1
88.0
88.1
88.1
88.1
88.1
88.1
88.1
88.1
88.1
88.1
88.1
88.1
88.1
88.0
88.0
88.0
88.0
88.0
88.0
88.1
88.0
88.0
88.1
88.1
88.1
88.2
88.1
88.1
88.1
88.2
88.3
88.2
88.2
88.2
88.2
88.1
88.2
88.1
88.1
88.2
88.1
88.2
88.2
88.2
88.1
88.1
88.2
88.2
88.2
88.2
88.2
88.3
88.3
88.3
88.3
88.4
88.4
88.4
88.3
88.2
88.2
88.2
88.2
88.3
88.3
88.2
88.2
88.2
88.3
88.2
88.2
88.2
88.2
88.2
88.2
88.2
88.2
88.2
88.2
88.2
88.2
88.2
88.2
88.2
88.2
88.2
88.2
88.1
88.1
88.1
88.1
88.1
88.1
88.1
88.0
88.1
88.1
88.0
88.0
88.0
88.0
88.1
88.1
88.1
88.1
88.1
88.0
88.0
88.0
88.0
88.0
87.9
87.9
88.0
88.0
88.0
88.1
88.1
88.0
88.0
88.0
88.1
88.0
88.0
88.0
88.0
88.0
88.1
88.2
88.1
88.1
88.1
88.1
88.1
88.2
88.1
88.1
88.1
88.2
88.2
88.1
88.2
88.2
88.1
88.2
88.1
88.1
88.1
88.0
88.1
88.1
88.1
88.1
88.1
88.2
88.2
88.2
88.1
88.2
88.2
88.3
88.3
88.3
88.2
88.2
88.4
88.3
88.3
88.2
88.1
88.1
88.2
88.2
88.2
88.2
88.2
88.3
88.3
88.3
88.2
88.3
88.3
88.5
88.6
88.7
88.6
88.5
88.5
88.4
88.5
88.4
88.4
88.4
88.3
88.4
88.4
88.3
88.3
88.3
88.2
88.3
88.3
88.3
88.3
88.2
88.3
88.3
88.2
88.2
88.3
88.4
88.4
88.4
88.4
88.3
88.2
88.3
88.2
88.2
88.2
88.2
88.3
88.2
88.2
88.2
88.1
88.2
88.3
88.3
88.3
88.2
88.1
88.3
88.2
88.2
88.2
88.2
88.2
88.2
88.2
88.2
88.1
88.2
88.2
88.2
88.2
88.2
88.2
88.2
88.2
88.2
88.2
88.1
88.1
88.2
88.2
88.1
88.1
88.1
88.0
88.2
88.1
88.1
88.1
88.1
88.1
88.1
88.2
88.1
88.1
88.1
88.2
88.2
88.2
88.2
88.2
88.3
88.3
88.3
88.2
88.2
88.2
88.2
88.2
88.1
88.1
88.1
88.1
88.1
88.1
88.1
88.1
88.1
88.1
88.1
88.0
88.1
88.1
88.2
88.2
88.1
88.1
88.1
88.2
88.2
88.2
88.2
88.1
88.2
88.2
88.2
88.2
88.2
88.2
88.2
88.2
88.2
88.2
88.2
88.2
88.2
88.2
88.1
88.1
88.1
88.2
88.2
88.2
88.2
88.2
88.2
88.3
88.2
88.2
88.1
88.1
88.2
88.2
88.2
88.2
88.2
88.3
88.4
88.4
88.3
88.3
88.3
88.4
88.4
88.3
88.3
88.3
88.3
88.4
88.4
88.3
88.3
88.2
88.3
88.4
88.4
88.3
88.3
88.3
88.3
88.3
88.2
88.2
88.3
88.3
88.3
88.3
88.3
88.2
88.2
88.3
88.2
88.2
88.1
88.2
88.2
88.2
88.2
88.2
88.2
88.2
88.3
88.3
88.3
88.2
88.2
88.3
88.3
88.3
88.4
88.4
88.4
88.4
88.3
88.3
88.4
88.4
88.4
88.4
88.4
88.3
88.3
88.3
88.3
88.3
88.2
88.2
88.2
88.3
88.2
88.3
88.2
88.2
88.2
88.3
88.2
88.3
88.2
88.2
88.2
88.2
88.2
88.1
88.1
88.2
88.2
88.2
88.2
88.2
88.3
88.2
88.2
88.2
88.2
88.2
88.3
88.3
88.4
88.3
88.2
88.3
88.3
88.3
88.3
88.2
88.2
88.2
88.2
88.1
88.1
88.0
88.1
88.1
88.0
88.1
88.0
88.1
88.1
88.1
88.2
88.1
88.1
88.1
88.2
88.1
88.1
88.1
88.2
88.2
88.2
88.2
88.2
88.1
88.1
88.1
88.2
88.2
88.2
88.3
88.2
88.3
88.3
88.2
88.3
88.2
88.3
88.2
88.2
88.2
88.3
88.4
88.3
88.3
88.3
88.3
88.3
88.3
88.4
88.3
88.3
88.4
88.3
88.3
88.3
88.3
88.3
88.3
88.3
88.2
88.2
88.2
88.3
88.3
88.3
88.2
88.2
88.2
88.2
88.2
88.2
88.2
88.2
88.2
88.2
88.2
88.2
88.1
88.2
88.2
88.1
88.1
88.1
88.2
88.1
88.1
88.1
88.0
88.0
88.1
88.1
88.1
88.2
88.2
88.1
88.1
88.1
88.1
88.1
88.1
88.2
88.1
62.8
51.3
51.2
51.0
50.8
50.7
50.6
50.6
50.5
50.2
50.0
50.0
50.2
50.1
50.2
50.4
38.2
49.9
49.8
49.9
50.0
50.2
44.9
77.5
77.5
59.4
59.0
49.9
49.7
49.6
60.5
86.7
86.6
86.4
86.5
86.8
86.8
86.9
86.9
87.0
87.0
87.3
87.3
87.3
48.8
87.9
88.0
88.1
79.2
72.8
88.8
88.8
88.5
88.5
81.5
87.5
87.5
87.6
87.6
87.6
87.7
87.7
87.7
87.7
87.8
87.8
87.9
87.8
87.9
88.0
87.9
87.9
87.9
88.0
88.0
88.0
88.0
88.0
88.0
78.4
85.4
85.7
86.0
86.2
86.5
86.7
86.9
87.0
87.1
87.3
87.4
87.6
87.7
87.7
87.8
87.8
87.9
87.9
88.0
88.0
88.1
88.1
88.1
88.1
88.1
88.1
88.1
88.2
88.2
88.2
88.2
88.2
88.3
88.2
88.2
88.2
88.3
88.3
88.3
88.2
88.3
88.3
88.3
88.3
88.3
88.3
88.3
88.3
88.3
88.3
88.3
88.3
88.3
88.4
88.4
88.3
88.3
88.3
88.4
88.3
88.4
88.3
88.3
88.3
88.1
88.1
88.1
88.1
88.2
87.9
87.9
87.9
87.9
88.0
87.5
87.6
87.6
87.7
87.8
87.9
88.0
88.0
88.0
88.0
88.1
88.1
88.2
88.2
88.2
88.3
88.2
88.3
88.3
88.3
88.3
88.3
88.3
88.3
88.3
88.3
88.3
88.3
88.3
88.3
88.3
88.3
88.3
88.4
88.3
88.3
88.3
88.3
88.3
88.3
88.3
88.3
88.3
88.3
88.3
88.3
88.3
88.3
88.3
88.3
88.0
52.4
42.0
41.7
47.4
41.1
40.6
40.1
40.5
40.5
33.4
33.7
40.3
39.7
39.2
39.4
39.3
39.7
59.9
34.7
29.3
34.5
34.5
34.3
33.9
45.1
36.1
43.0
32.4
32.5
32.7
32.7
32.5
32.4
32.4
32.2
32.0
31.9
31.7
40.3
40.1
39.7
33.2
32.8
38.0
48.4
62.1
35.1
35.2
35.6
35.5
35.6
35.2
35.1
35.0
34.5
34.0
33.8
33.5
33.1
32.8
32.5
33.0
33.3
33.0
32.7
32.5
32.3
32.0
31.9
31.8
32.2
37.4
30.7
30.9
31.0
38.0
37.8
37.8
37.7
