32.8
32.6
32.5
32.8
33.0
32.9
33.1
33.1
27.0
33.0
33.3
33.5
33.8
34.0
34.1
34.2
34.3
34.5
34.6
34.5
34.5
34.4
34.3
34.3
34.1
33.9
33.9
33.8
33.8
33.7
33.7
33.6
33.7
33.6
33.6
33.7
33.7
33.7
33.6
43.0
42.4
36.6
36.7
36.5
36.0
65.5
76.1
85.2
85.3
85.4
85.5
85.6
85.6
85.7
85.7
85.8
85.8
85.8
85.8
85.9
85.9
85.9
85.8
85.8
85.8
85.9
85.9
85.9
85.9
86.0
86.1
86.2
86.2
86.2
86.1
86.1
86.1
86.1
86.1
86.1
86.1
86.1
86.0
86.1
86.1
86.1
86.1
86.2
86.1
86.1
86.1
86.1
86.1
86.0
86.0
86.0
85.9
86.0
86.0
86.1
86.1
86.1
86.2
86.2
86.2
86.2
86.3
