wattsup: [error] Reading final time stamp: Bad address
30.7
30.6
30.7
30.6
30.6
30.6
30.6
wattsup: [error] Reading final time stamp: Bad address
30.5
30.6
30.6
30.6
30.5
30.5
30.5
30.5
30.6
wattsup: [error] Reading final time stamp: Bad address
30.5
30.5
30.5
30.5
30.4
30.5
30.4
30.4
30.4
47.0
30.3
30.4
30.4
30.4
30.4
30.4
30.5
30.4
30.4
30.3
30.3
30.3
30.4
30.4
30.4
30.5
30.4
30.5
30.1
29.8
29.8
29.6
29.5
29.4
29.4
29.4
29.4
29.3
29.2
29.2
29.3
29.3
29.3
29.2
29.3
29.3
29.3
29.6
29.9
30.0
30.3
30.5
30.6
30.9
31.2
31.6
31.8
31.9
32.0
32.1
32.3
32.5
32.6
32.8
32.9
33.0
33.1
33.2
33.2
33.3
33.1
32.9
32.7
32.6
32.6
32.8
32.6
32.5
32.4
32.3
32.2
32.2
32.0
31.9
31.9
31.9
32.0
32.2
32.1
32.3
32.5
32.7
32.7
32.8
32.7
32.6
32.5
32.4
32.3
32.1
32.2
32.4
32.4
32.3
32.3
32.2
32.2
32.1
32.0
32.0
32.3
32.5
32.6
32.7
32.7
32.8
32.9
33.0
32.9
32.7
32.9
33.0
33.0
33.1
32.9
32.7
32.5
32.2
32.2
32.2
32.1
32.1
32.3
32.3
32.3
32.3
32.4
32.6
32.8
32.9
33.0
32.9
32.7
32.7
32.9
33.0
33.1
33.2
33.1
33.2
33.3
33.1
32.9
33.3
34.0
33.4
33.0
32.5
32.1
31.7
31.3
30.9
30.7
30.4
30.1
29.9
29.7
29.6
29.5
29.3
29.2
29.2
29.1
29.1
29.0
28.9
28.9
28.8
28.8
28.7
28.7
28.7
28.8
28.7
28.7
28.7
28.7
28.8
28.8
28.7
28.7
28.8
28.8
28.8
28.8
28.8
28.8
28.8
28.8
28.7
28.7
28.7
28.8
28.7
28.7
28.7
28.7
28.7
28.6
28.6
28.6
28.6
28.6
28.6
28.5
28.5
28.6
28.6
28.6
28.6
28.6
28.6
28.7
28.7
28.8
28.8
28.8
28.8
28.8
28.7
28.8
28.8
28.7
28.8
28.7
28.8
28.8
28.8
28.8
28.8
28.8
28.8
28.8
28.8
28.8
28.8
28.8
28.7
28.8
28.7
28.8
28.8
28.8
28.8
28.8
28.8
28.8
28.9
28.9
28.9
28.9
28.9
29.0
28.9
28.9
28.9
28.9
28.9
28.9
28.8
28.8
28.8
28.9
28.8
28.8
28.7
28.8
28.8
28.8
28.7
28.7
28.7
28.7
28.8
28.7
28.8
28.7
28.7
28.7
28.6
28.7
28.6
28.7
28.6
28.6
28.6
28.6
28.6
28.7
28.7
28.7
28.8
28.8
28.8
28.7
28.8
28.8
28.8
28.8
28.7
28.7
28.8
28.8
28.8
28.7
28.7
28.7
28.8
28.8
28.7
28.7
28.8
28.8
28.8
28.7
28.7
28.7
28.7
28.7
28.7
28.7
28.7
28.6
28.7
28.6
28.7
28.7
28.7
28.7
28.6
28.7
28.7
28.7
28.6
28.6
28.7
28.7
28.7
28.7
28.6
28.7
28.7
28.7
28.7
28.7
28.7
28.8
28.8
28.8
28.8
28.8
28.7
28.8
28.7
28.7
28.7
28.7
28.7
28.7
28.6
28.7
28.7
28.7
28.7
28.6
28.7
28.7
28.7
28.7
28.7
28.7
28.7
28.7
28.7
28.7
28.7
28.8
28.8
28.7
28.7
28.7
28.7
28.7
28.7
28.7
28.7
28.7
28.7
28.7
28.5
28.5
28.4
28.4
28.4
28.3
28.3
28.3
28.3
28.2
28.2
28.2
28.2
28.2
28.2
28.2
28.3
28.2
28.2
28.2
28.2
28.2
28.2
28.2
28.3
28.2
28.3
28.3
28.2
28.2
28.2
28.2
28.3
28.2
28.3
28.3
28.3
28.3
28.3
28.3
28.3
28.3
28.4
28.4
28.4
28.3
28.3
28.3
28.3
28.3
28.3
28.3
28.3
28.3
28.3
28.3
28.2
28.3
28.3
28.2
28.3
28.3
28.3
28.3
28.4
28.3
28.4
28.4
28.3
28.4
28.4
28.3
28.3
28.2
28.1
28.1
28.1
28.0
28.0
27.9
27.9
27.9
27.9
27.8
27.8
27.8
27.8
27.8
27.8
27.8
27.8
27.7
27.8
27.8
27.8
27.8
27.8
27.8
27.8
27.8
27.8
27.8
27.9
27.8
27.8
27.8
27.8
27.8
27.8
27.8
27.8
27.7
27.7
27.6
27.6
27.6
27.6
27.6
27.6
27.6
27.7
27.7
27.7
27.7
27.7
27.7
27.7
27.7
27.7
27.8
27.8
27.8
27.7
27.7
27.7
27.8
27.8
27.8
27.8
27.9
27.9
27.9
27.9
27.9
27.9
27.9
27.9
27.9
27.9
28.0
28.0
27.9
28.0
28.0
28.0
28.0
28.1
28.0
28.0
28.0
28.0
28.0
28.0
28.0
27.9
28.0
27.9
27.9
27.9
27.9
27.9
28.0
28.0
27.9
28.0
27.9
27.9
28.0
28.0
28.0
27.9
27.9
27.9
27.9
27.9
27.9
27.9
27.9
27.9
27.9
27.9
27.9
27.9
27.9
28.0
28.0
27.9
27.9
28.0
27.9
27.9
27.9
27.9
27.9
28.0
27.9
28.0
28.0
28.0
27.9
27.9
28.0
28.0
28.0
28.0
28.0
28.0
28.0
28.0
28.0
28.1
28.0
28.1
28.1
28.0
28.0
28.0
28.0
28.0
28.0
28.0
28.0
28.0
28.0
28.0
28.0
28.0
28.0
28.0
28.0
28.0
28.0
28.0
