26.0
26.4
26.4
26.3
26.4
26.3
26.3
26.2
26.2
26.2
26.2
26.2
43.0
43.1
43.2
43.3
43.4
43.5
43.5
43.6
43.6
43.7
27.6
27.4
27.2
27.1
26.9
26.8
26.7
26.7
26.6
26.5
34.7
43.6
43.6
43.5
43.6
43.6
43.6
43.6
43.6
43.6
35.9
26.0
26.0
26.0
26.0
25.9
26.0
26.0
26.0
26.0
26.0
43.6
43.6
43.6
43.6
43.6
43.7
43.7
43.7
43.8
43.7
26.8
26.7
26.6
26.6
26.5
26.5
26.4
26.4
26.3
26.3
35.7
43.4
43.4
43.4
43.4
43.4
43.4
43.4
43.5
43.5
34.7
26.0
26.0
26.0
25.9
26.0
26.0
26.0
26.0
26.0
26.2
43.2
43.2
43.2
43.2
43.2
43.2
43.3
43.2
43.3
43.1
26.4
26.3
26.3
26.2
26.2
26.1
26.1
26.1
26.1
26.1
39.3
39.8
40.2
40.6
41.0
41.3
41.6
41.8
42.0
