26.1
32.4
87.9
88.1
88.5
88.8
89.2
89.5
89.9
90.1
90.3
90.5
90.8
91.0
91.3
91.6
91.8
92.1
92.3
92.5
92.7
93.0
93.0
93.0
93.1
93.0
93.0
93.1
93.2
93.3
93.4
93.5
93.5
93.6
93.6
93.7
93.7
93.7
93.7
93.7
93.7
93.8
93.8
93.9
93.9
94.0
94.1
94.2
94.3
94.3
94.4
94.5
94.6
94.7
94.7
94.7
94.8
94.8
94.8
94.8
94.7
94.6
94.6
89.0
89.3
89.9
90.3
90.7
91.1
91.5
91.8
92.1
92.3
92.5
92.6
92.8
92.9
93.0
93.1
93.2
93.2
93.4
93.5
93.6
93.7
93.8
93.9
94.0
94.1
94.2
94.3
94.4
94.5
94.6
94.6
94.5
94.5
94.6
94.6
94.6
94.5
94.4
94.1
93.9
93.7
93.6
93.7
93.6
93.7
93.7
93.7
93.7
93.7
93.6
93.6
93.7
93.7
93.7
93.7
93.7
93.7
93.7
93.7
93.7
93.7
93.7
93.8
93.8
93.9
93.9
94.0
94.0
94.1
94.2
94.3
94.2
94.2
94.2
94.3
94.2
94.2
94.0
93.9
87.7
87.7
93.6
93.6
93.7
93.5
93.5
93.6
93.6
93.7
93.7
93.8
93.9
93.9
94.0
94.0
94.1
94.0
94.1
94.1
94.1
93.8
93.9
93.9
93.9
93.9
93.8
93.8
93.8
93.8
93.8
93.8
93.9
93.9
93.9
93.9
93.8
93.9
93.9
94.0
94.1
94.1
94.1
94.1
94.0
94.0
94.1
94.1
94.1
94.1
94.1
94.2
94.2
94.3
87.9
94.8
94.6
94.5
94.3
94.3
94.2
94.2
94.1
94.1
94.0
93.9
93.9
93.9
93.9
93.9
93.9
93.9
93.9
93.9
94.0
94.0
94.0
94.0
94.1
94.1
94.1
94.1
94.2
94.1
94.1
94.1
94.2
84.2
93.6
93.8
93.8
94.0
94.3
94.5
94.7
94.8
94.9
94.9
95.0
95.1
95.2
95.3
95.4
95.4
95.5
95.5
95.6
95.6
95.7
95.6
95.3
95.4
95.4
95.6
95.7
95.8
95.8
95.9
96.0
96.0
96.1
96.1
96.1
96.1
96.2
96.2
96.2
96.2
96.2
96.2
96.2
96.3
96.3
96.4
96.4
96.4
96.5
96.5
96.4
96.4
96.4
96.4
96.3
96.3
96.4
96.4
96.4
96.5
96.5
96.6
86.7
95.4
95.4
95.4
95.5
95.5
95.6
95.7
95.7
95.7
95.8
95.8
95.8
95.8
95.9
95.9
95.9
96.0
95.9
96.0
96.0
96.0
96.1
96.1
96.1
96.2
96.2
96.2
96.2
96.2
96.2
96.2
96.3
96.3
96.3
96.3
96.4
96.4
96.4
90.4
90.9
91.4
91.8
92.3
92.7
93.2
93.5
93.9
94.2
94.5
94.7
94.9
95.1
95.3
95.4
95.6
95.7
95.8
95.9
95.9
96.0
96.1
96.1
96.2
96.2
96.3
96.3
96.3
96.3
96.3
96.3
96.2
96.1
96.1
96.1
96.1
96.1
96.2
96.2
85.9
86.2
94.6
94.7
94.7
94.5
94.6
94.7
94.7
94.7
94.8
94.8
94.9
95.0
95.2
95.2
95.3
95.3
95.4
95.5
95.1
95.1
95.1
95.0
95.0
94.9
94.9
94.9
94.9
94.9
94.9
94.8
94.9
94.9
94.9
94.9
95.0
95.0
95.1
95.2
95.3
95.3
95.3
95.4
95.4
95.4
95.4
95.5
95.4
95.4
95.4
94.8
94.9
95.1
95.1
95.1
95.1
95.1
95.1
95.1
95.1
95.1
95.2
95.2
95.1
95.1
95.1
95.1
95.1
95.1
95.0
95.0
95.1
95.0
95.0
95.0
95.0
95.0
95.1
95.1
95.1
95.2
95.2
95.3
95.4
95.3
95.4
95.5
95.5
95.6
95.6
95.6
95.6
95.6
95.6
95.6
95.7
95.6
95.6
95.7
95.7
95.7
95.7
95.7
95.7
95.7
95.7
95.7
95.6
95.6
95.6
95.6
95.6
78.4
89.4
94.6
94.5
94.5
94.5
93.9
93.8
93.8
93.9
94.0
94.1
94.1
94.2
94.2
94.2
94.3
94.3
94.3
94.3
94.3
94.2
94.2
94.1
94.2
94.2
94.2
86.1
92.9
92.9
93.0
93.1
93.3
93.4
93.5
93.6
93.7
93.8
93.9
94.0
94.1
94.1
94.2
94.2
94.3
94.3
94.4
94.4
94.4
94.5
94.5
94.5
94.5
94.5
94.4
94.5
94.4
94.4
94.4
94.4
94.4
94.4
94.4
94.4
94.5
94.5
94.5
94.4
87.1
87.0
92.7
92.7
92.9
93.0
93.2
93.2
93.3
93.5
93.5
93.6
93.7
93.8
93.8
93.9
93.9
94.0
94.0
94.0
94.0
94.1
94.1
94.1
94.1
94.1
94.1
94.1
94.1
94.0
94.1
94.1
94.0
94.1
94.1
94.1
94.1
94.0
94.0
94.0
94.0
94.0
80.9
91.9
92.0
92.2
92.5
92.7
93.0
93.2
93.3
93.5
93.6
93.8
93.9
94.0
94.0
94.1
94.2
94.3
94.3
94.3
94.3
94.3
94.3
94.4
94.4
94.3
94.3
94.3
94.3
94.2
94.2
94.2
94.2
94.2
94.2
94.2
94.2
94.2
94.2
94.2
94.2
94.2
79.0
91.3
91.6
91.9
92.1
92.3
92.5
92.6
92.8
92.9
93.1
93.2
93.2
93.3
93.0
93.1
93.2
93.3
93.4
93.5
93.5
93.6
93.6
93.7
93.7
93.8
93.8
93.8
93.9
93.9
93.9
93.9
93.9
93.9
93.9
93.9
93.9
93.9
93.4
93.4
93.5
93.5
93.5
93.6
93.6
93.6
93.7
93.7
93.7
93.7
93.7
93.7
93.6
93.6
93.7
93.7
93.6
93.7
93.7
93.7
93.7
93.7
93.8
93.7
93.7
93.8
93.8
93.8
93.8
93.8
93.8
93.8
93.8
93.8
93.8
93.8
93.8
93.8
93.7
93.7
93.8
93.7
93.7
93.7
93.7
93.7
93.6
84.8
94.0
94.0
94.0
94.0
94.0
94.0
94.1
94.0
94.0
94.0
94.0
94.0
94.0
94.0
94.0
93.9
93.9
93.9
93.9
93.9
93.9
93.9
93.9
93.9
93.9
93.9
93.9
93.9
93.9
93.9
94.0
94.0
93.9
94.0
94.0
94.0
94.0
94.0
94.0
94.0
93.9
94.0
93.9
93.9
93.9
93.9
93.8
85.9
93.1
93.2
93.3
93.4
93.5
93.6
93.6
93.7
93.7
93.8
93.8
93.8
93.8
93.8
93.8
93.8
93.8
93.8
93.8
93.8
93.9
93.9
93.9
93.9
93.9
94.0
94.0
94.0
94.0
94.0
94.0
94.0
94.0
94.1
94.0
94.1
94.1
94.1
94.1
94.1
94.1
94.0
94.0
94.0
94.0
94.0
94.0
