41.1
49.5
49.6
49.5
49.8
50.0
50.0
50.1
50.3
49.7
44.3
44.2
44.2
44.2
44.3
69.4
83.6
83.7
83.9
84.1
84.2
84.4
84.5
84.7
84.8
84.9
85.0
85.1
85.2
85.3
85.4
85.4
85.5
85.5
85.6
85.7
85.7
85.8
85.9
85.9
86.0
86.0
86.0
86.1
86.2
86.2
86.2
86.3
86.3
86.3
86.4
86.4
86.5
86.5
86.5
86.5
86.5
86.6
86.6
86.6
86.7
86.7
86.7
86.7
86.8
86.7
86.8
86.8
86.8
86.8
86.8
86.8
86.8
86.8
86.9
86.9
86.9
86.9
86.9
86.9
86.9
86.9
86.9
86.9
86.9
86.9
86.9
86.9
87.0
87.0
86.9
86.9
86.9
86.9
86.9
87.0
87.0
87.0
87.0
86.9
87.0
87.0
87.0
87.0
86.9
87.0
87.0
87.0
87.0
86.9
87.0
87.0
86.9
86.9
87.0
87.0
87.0
87.0
86.9
86.9
86.9
86.9
86.9
86.9
86.9
86.9
86.9
86.9
86.9
86.9
86.9
86.9
86.9
86.9
86.9
86.9
86.9
86.9
86.9
86.9
86.9
86.9
86.9
87.0
87.0
86.9
86.9
86.9
86.9
86.9
86.9
86.9
86.8
86.8
86.9
86.9
86.8
86.8
86.8
86.8
86.8
86.8
86.9
86.9
86.8
86.9
86.9
86.9
86.9
86.9
86.8
86.8
86.9
86.9
86.8
86.8
86.8
86.9
86.8
86.9
86.9
86.9
86.9
86.9
86.9
86.8
86.9
86.8
86.9
86.9
86.8
86.8
86.8
86.8
86.8
86.8
86.8
86.8
