26.5
87.5
58.4
74.6
64.0
63.7
85.4
58.6
78.6
66.1
60.5
85.4
60.5
76.5
67.6
58.8
75.7
58.6
87.3
56.1
70.3
76.3
56.9
87.9
57.2
70.3
77.1
57.6
87.1
48.8
76.9
66.3
59.7
87.3
55.5
79.6
67.1
58.8
87.3
53.4
81.3
65.5
64.8
85.2
59.9
77.5
66.1
59.4
87.5
49.7
85.0
60.1
65.9
79.8
59.9
83.2
59.4
66.5
80.0
53.6
88.2
55.9
71.1
71.4
59.4
88.6
50.7
76.7
68.8
59.0
88.8
58.4
74.4
73.9
60.1
88.8
52.6
76.9
70.9
55.5
83.4
56.5
83.2
66.1
60.7
87.7
54.9
80.7
64.0
63.8
84.4
53.6
85.4
62.4
62.6
80.5
59.4
83.6
64.9
64.5
84.6
45.9
89.0
53.8
76.9
71.7
54.9
83.8
58.8
80.9
65.3
64.8
80.7
54.0
88.2
59.9
67.6
77.8
59.2
86.5
59.9
66.9
80.2
58.8
84.8
61.9
62.2
83.4
54.7
85.7
58.4
68.2
81.1
55.9
86.9
59.0
67.8
80.5
55.5
87.5
58.6
68.6
79.4
55.1
88.4
59.7
68.2
81.3
59.9
82.5
64.2
64.0
85.7
55.7
82.3
64.0
63.8
84.6
56.3
82.5
61.5
61.9
81.3
54.0
87.7
58.4
68.6
75.3
58.4
88.6
57.6
70.3
77.8
58.4
87.3
60.5
66.5
81.5
59.4
82.5
62.4
62.6
83.4
58.8
81.5
64.9
64.5
86.5
52.0
84.8
60.1
66.5
80.7
58.6
84.4
60.7
61.3
76.7
59.0
87.5
60.9
66.1
81.9
57.8
83.6
58.4
68.0
68.3
58.8
88.8
59.9
71.5
71.6
57.8
88.6
56.1
74.2
73.7
55.5
87.1
44.5
88.4
59.0
69.6
76.9
54.9
88.6
58.2
70.5
70.9
55.7
88.4
57.6
73.0
72.5
57.8
88.6
56.1
76.9
64.4
64.0
81.7
57.4
83.6
63.6
63.5
84.4
56.3
82.3
65.1
64.6
82.1
58.8
82.5
65.1
64.6
82.3
50.1
88.6
58.4
69.8
77.5
55.1
88.8
56.3
71.7
71.7
59.0
88.8
59.7
69.8
79.0
58.0
86.3
61.1
61.6
81.5
56.7
85.2
62.4
62.6
79.8
54.9
87.9
58.8
68.6
74.6
55.7
89.0
57.2
74.2
74.3
57.4
88.8
54.5
74.8
74.2
58.4
89.0
56.7
76.1
67.1
60.1
87.1
54.7
81.5
62.1
62.4
81.9
53.6
87.7
56.9
70.3
77.8
58.8
87.3
55.9
70.9
71.2
53.2
88.2
58.2
77.1
69.4
59.0
89.2
57.8
75.7
75.3
58.2
89.0
58.4
72.6
72.5
54.9
89.0
58.8
75.5
74.8
59.9
89.0
58.0
73.0
72.6
56.3
85.2
58.8
79.6
68.8
58.2
86.3
57.6
79.4
65.7
65.1
83.4
58.8
81.3
67.1
59.9
87.9
57.6
77.8
65.7
65.1
86.3
57.8
79.6
60.5
66.3
79.0
59.0
85.2
52.2
74.2
74.1
58.0
88.8
54.0
75.3
74.8
56.5
89.0
55.9
76.9
70.1
56.1
88.2
54.2
80.7
66.7
60.1
87.9
55.1
80.0
63.4
63.3
84.8
59.4
79.2
68.4
58.6
87.7
54.5
80.7
67.1
59.7
85.0
54.5
83.4
60.3
66.1
81.5
56.3
85.4
61.1
61.6
81.1
54.5
87.1
59.2
67.1
78.6
56.5
87.3
56.1
70.5
76.9
50.3
88.4
58.8
75.0
69.8
56.7
83.4
58.4
81.5
60.9
61.4
77.8
54.7
88.8
54.9
73.0
72.7
55.7
87.5
58.4
77.1
71.3
58.4
89.0
55.3
75.9
75.6
59.2
89.0
56.5
71.9
72.1
54.9
89.0
53.0
79.4
70.1
56.7
87.3
58.6
77.3
67.1
59.4
87.3
57.8
78.2
62.4
62.6
83.0
58.2
81.9
62.6
62.7
78.8
58.8
85.4
55.3
70.9
76.3
55.7
88.8
51.3
77.3
69.8
58.2
89.0
59.7
73.4
73.0
58.8
89.2
50.9
80.5
67.1
59.7
