26.4
34.9
47.6
56.7
63.4
71.7
71.6
71.3
71.4
71.3
71.4
71.1
71.2
65.7
71.5
71.5
71.5
59.9
48.0
69.0
69.0
69.3
69.6
69.9
69.4
69.7
69.7
69.9
70.2
63.0
48.2
66.1
66.7
67.0
67.2
67.7
68.2
68.8
69.2
69.1
69.4
69.8
70.1
70.0
69.9
48.8
57.4
70.9
70.8
71.0
71.2
71.2
71.0
71.2
70.6
70.9
71.1
71.2
71.0
71.2
71.4
71.5
71.4
59.0
48.8
66.9
74.2
73.6
73.5
73.4
73.3
73.0
72.8
72.8
66.9
73.0
72.9
72.8
72.4
49.0
59.2
72.3
72.3
72.4
72.3
71.7
71.6
71.5
71.7
71.9
72.0
71.7
71.8
72.0
66.9
72.6
72.6
72.4
72.5
57.8
49.7
73.2
73.1
73.1
72.7
72.4
72.1
72.1
72.2
72.4
72.2
72.2
72.3
72.5
66.7
73.2
72.9
72.7
72.8
72.9
72.8
72.4
72.5
66.9
73.0
73.0
72.9
72.6
72.6
72.9
73.0
72.7
49.3
59.9
67.8
68.3
68.5
69.1
69.5
70.0
70.0
70.4
70.7
70.2
70.6
70.9
70.9
71.0
71.2
71.4
71.4
71.2
49.3
59.9
69.4
69.5
69.9
70.2
70.5
70.4
70.8
71.1
71.3
70.8
71.0
70.9
70.8
49.0
60.3
72.8
72.7
72.7
72.4
72.4
66.7
72.6
72.6
72.7
72.4
72.3
72.4
72.5
72.3
71.9
71.7
71.7
71.9
72.0
71.9
59.2
49.0
69.8
70.3
70.6
70.1
70.5
70.8
70.6
70.9
71.1
71.3
71.3
71.3
70.9
71.0
71.2
71.4
71.5
71.4
71.6
71.7
71.8
71.2
71.3
48.8
59.0
69.6
69.9
70.2
70.6
70.6
70.7
71.0
70.4
70.8
71.1
71.1
71.0
58.2
49.3
72.1
72.1
72.2
71.9
71.6
71.4
71.5
71.6
71.7
71.6
71.6
71.8
53.4
53.4
66.5
72.3
72.3
72.3
72.0
72.1
72.2
72.3
72.0
71.7
71.3
71.4
71.5
71.7
71.8
71.7
71.6
71.8
71.9
66.5
72.8
72.6
59.9
48.8
69.6
69.9
70.3
70.6
70.4
70.3
70.3
70.6
70.8
71.1
70.9
71.1
71.2
71.4
71.4
71.0
70.9
71.0
71.3
70.7
48.8
66.7
72.3
72.0
72.0
66.7
72.8
72.7
72.7
72.5
72.4
72.5
72.5
72.4
72.0
71.7
71.7
71.8
71.9
71.9
71.8
71.9
72.0
72.1
71.5
71.6
71.5
71.6
66.1
49.3
64.9
72.6
72.4
72.2
71.7
71.8
72.1
72.2
72.2
71.9
72.1
72.2
52.4
52.7
72.6
66.7
72.8
72.5
72.5
72.5
72.6
72.4
72.3
72.4
66.7
72.8
72.8
72.6
72.4
72.5
72.5
72.5
49.0
58.6
70.5
70.3
70.3
70.7
71.0
71.2
71.2
71.2
71.4
71.5
71.0
71.2
71.2
71.1
71.4
71.6
71.6
71.4
71.6
71.0
71.2
71.5
71.6
49.5
58.0
71.3
71.2
71.4
71.6
71.7
71.1
71.3
71.1
71.3
71.6
71.8
71.6
71.7
71.9
71.3
71.5
71.7
71.5
71.6
71.8
71.9
60.9
49.0
69.8
69.8
69.7
69.9
70.2
70.5
70.7
70.7
70.9
71.2
71.4
70.8
71.0
70.9
71.1
70.5
48.8
63.6
74.4
74.1
73.5
73.4
66.9
72.6
72.6
72.6
72.2
72.2
72.3
72.3
72.0
71.6
71.5
71.5
71.7
63.6
48.8
67.4
67.9
68.2
68.7
69.3
68.9
69.4
69.8
69.8
70.1
70.4
70.7
70.6
71.0
70.5
70.8
71.0
71.1
71.0
70.8
48.8
60.9
72.8
72.8
72.7
66.9
67.5
67.8
68.4
68.9
69.4
69.4
69.8
70.2
69.8
70.1
70.5
70.4
70.7
71.0
71.2
60.5
48.6
69.8
69.9
69.9
69.9
70.3
70.6
70.8
70.8
71.0
71.3
71.4
70.8
71.0
71.0
71.3
71.4
71.6
71.4
71.6
56.3
