27.8
28.4
35.3
42.8
43.1
43.6
44.0
44.5
44.9
45.3
45.2
45.4
45.7
45.8
45.7
40.5
70.1
85.4
85.4
85.5
85.6
85.6
85.8
85.6
85.7
85.6
85.5
85.0
84.8
84.7
84.6
84.3
84.0
83.7
83.9
83.9
84.1
83.8
83.3
83.2
83.0
83.0
83.2
83.2
83.3
83.6
83.7
84.1
84.4
84.6
84.6
84.7
85.1
85.2
85.3
85.5
85.5
85.7
85.5
85.7
85.7
85.7
85.7
85.6
85.5
85.7
85.7
85.6
85.4
85.4
85.7
86.0
86.2
86.3
86.4
86.6
86.7
86.9
87.0
87.1
87.1
87.2
87.2
87.2
87.2
87.4
87.3
87.4
87.4
87.4
87.4
87.4
87.4
87.5
87.5
87.7
87.8
87.8
87.8
87.8
87.8
87.8
59.4
50.3
50.3
50.2
50.2
49.9
49.7
49.8
49.7
49.6
49.5
49.5
49.4
49.4
49.3
49.3
49.3
49.1
49.0
54.2
