58.0
79.2
79.2
79.4
95.0
94.9
87.1
95.0
95.1
95.4
89.2
89.5
89.7
89.5
90.1
90.6
90.8
91.1
91.2
91.3
91.5
91.6
91.7
92.2
92.5
92.8
93.1
93.4
93.6
93.7
93.8
93.8
93.3
92.9
92.6
92.6
92.6
92.5
92.4
92.3
92.2
92.3
92.4
92.5
92.3
92.2
92.2
92.4
92.8
93.1
93.2
93.3
93.4
93.6
93.9
94.3
94.4
94.6
94.8
94.8
94.6
94.5
94.3
94.1
93.9
93.8
93.6
93.5
93.4
93.5
93.5
93.7
94.1
94.4
94.5
94.5
94.4
94.3
94.2
94.1
94.0
93.9
93.8
93.8
93.8
93.9
93.9
93.9
94.0
94.0
93.9
93.8
93.7
93.7
93.7
93.6
93.5
93.5
93.4
93.3
93.2
93.2
93.1
93.1
93.0
92.9
92.8
92.6
92.4
92.1
92.0
92.1
92.3
92.4
97.7
97.6
97.4
96.8
96.2
95.7
95.5
95.2
95.0
94.9
94.7
94.6
94.5
94.4
94.3
94.0
