26.5
43.8
44.3
44.7
72.8
72.2
72.1
65.7
71.1
48.8
64.0
50.3
60.7
74.2
46.1
46.2
78.8
78.2
77.9
77.7
77.5
77.8
77.9
71.9
56.1
43.6
43.7
55.9
68.0
73.8
73.8
61.1
75.9
50.3
50.4
50.5
60.7
77.5
77.0
67.4
30.1
30.6
54.0
77.1
76.6
76.8
77.1
76.6
61.1
60.9
43.0
55.5
64.2
72.3
72.4
71.8
66.1
53.2
58.4
49.7
61.7
75.7
63.4
79.0
55.7
42.6
52.8
30.3
30.7
31.2
55.3
76.9
76.4
76.7
77.0
76.6
66.9
46.8
46.5
56.3
65.9
71.1
71.3
71.3
71.5
50.5
51.1
51.1
64.9
79.6
36.4
57.6
68.0
52.8
62.8
77.5
72.1
80.5
80.3
73.2
55.7
43.2
50.7
50.9
71.7
71.5
71.9
61.3
67.6
61.9
51.1
67.1
53.4
63.2
81.3
41.6
29.9
79.0
57.6
40.7
47.4
30.1
36.8
77.8
77.2
77.3
77.8
77.9
65.9
