32.2
70.9
83.6
83.8
83.8
83.8
83.8
83.9
84.0
83.9
84.0
84.1
84.1
84.1
84.2
84.2
84.2
84.3
84.3
84.4
84.4
84.4
84.5
84.6
84.6
84.7
84.7
84.7
84.7
84.8
84.8
84.9
84.9
84.9
85.0
85.1
85.2
78.4
49.3
54.7
87.5
77.1
89.0
88.8
88.4
87.9
88.1
78.4
85.0
84.9
84.8
84.9
84.9
85.0
85.0
84.9
85.0
85.0
85.1
85.1
85.1
85.2
85.2
85.1
85.2
85.3
85.3
85.2
85.3
85.2
85.2
85.3
85.3
85.3
85.3
85.2
85.2
85.0
85.0
85.1
85.0
85.0
85.0
85.0
85.0
85.0
84.9
85.0
84.9
85.0
84.8
84.9
79.4
72.1
50.7
45.1
45.5
45.8
62.6
85.9
86.1
77.5
87.1
87.0
87.4
87.7
87.7
87.4
87.3
87.2
87.5
87.8
87.8
87.8
87.9
87.3
87.4
87.4
87.8
61.1
85.0
85.1
85.1
85.4
85.5
85.7
85.9
85.8
86.0
86.0
86.0
86.0
86.1
86.2
86.3
86.2
86.2
86.2
86.3
86.3
86.1
86.1
86.5
86.6
86.7
86.6
86.5
86.5
86.4
86.4
86.5
86.5
86.6
86.5
86.5
86.7
86.6
86.7
86.6
86.6
86.8
86.8
86.9
86.9
86.9
86.8
86.9
86.7
86.4
86.4
86.5
86.5
86.6
86.6
86.7
86.5
86.6
86.6
86.5
86.5
86.5
86.7
86.6
86.6
86.7
86.7
86.6
86.6
86.5
86.6
86.7
86.6
86.5
86.4
86.5
86.5
86.5
86.4
86.4
86.4
86.4
86.6
86.6
86.6
86.6
86.5
86.5
86.4
86.5
86.5
86.4
86.3
86.4
86.2
86.4
86.4
86.4
86.4
86.4
86.3
86.4
86.5
86.4
86.3
86.1
86.1
86.1
86.0
85.9
85.9
86.0
85.9
85.9
85.9
85.9
85.9
86.0
86.1
85.9
85.8
85.7
85.9
86.1
86.0
86.1
85.8
86.0
86.0
85.9
85.7
79.4
54.0
