26.8
32.0
32.2
32.8
43.6
37.6
37.7
37.1
60.1
84.6
84.7
85.0
85.2
85.3
73.4
87.1
87.2
75.3
83.4
71.1
60.1
49.7
68.0
86.9
86.9
87.0
76.3
87.5
87.2
87.1
87.1
87.0
87.0
59.2
83.6
83.9
78.2
54.0
66.3
54.0
63.2
86.3
86.5
58.2
84.0
90.4
90.4
90.0
89.7
89.4
89.2
89.0
88.8
88.6
88.5
88.3
88.2
88.2
88.2
88.2
88.2
87.8
87.9
87.9
87.8
87.8
87.8
87.7
87.6
87.5
87.5
87.5
87.5
87.4
87.3
87.3
87.4
87.6
87.7
87.8
87.9
87.9
87.9
88.0
88.1
88.0
88.0
88.0
88.1
88.2
88.2
88.2
88.1
88.2
88.3
88.2
88.3
88.3
88.3
88.3
88.4
88.3
88.3
88.2
88.2
88.2
88.2
88.1
88.1
88.1
88.1
88.1
88.1
88.0
88.1
88.1
88.1
88.0
88.0
88.1
88.2
88.2
88.2
88.3
88.2
88.3
88.4
88.4
88.5
88.4
88.5
88.6
88.7
88.7
88.8
81.3
75.0
64.0
63.8
63.4
63.0
70.9
70.9
70.7
70.6
58.8
35.5
44.9
44.8
45.0
45.3
45.7
45.7
37.6
37.7
37.8
38.2
38.4
38.8
48.4
48.3
63.4
86.7
86.8
86.9
87.0
87.1
87.3
87.4
87.5
87.6
87.7
87.8
87.9
87.9
88.2
88.4
88.8
88.8
88.8
62.8
44.1
85.2
85.3
85.5
85.7
85.7
85.6
85.8
85.3
76.7
60.7
45.3
45.7
46.1
46.4
46.5
70.3
85.9
62.8
49.9
49.9
63.8
86.1
86.1
86.2
86.3
86.4
79.4
85.9
85.9
86.0
86.0
86.0
86.0
86.3
86.6
86.6
86.7
86.7
86.7
86.8
87.1
87.2
87.2
87.2
87.3
79.2
66.7
57.4
50.1
50.1
49.5
84.4
84.3
84.3
84.5
84.8
85.2
85.5
85.9
86.1
86.2
86.2
86.3
86.4
86.6
86.8
87.0
73.2
52.6
52.3
52.0
39.9
83.2
68.8
45.9
38.2
43.8
86.1
86.1
86.2
86.3
86.5
86.6
86.7
86.7
86.8
86.9
86.9
87.0
87.1
87.2
87.2
87.3
87.4
87.4
87.4
87.5
87.6
87.6
87.6
87.6
87.7
87.8
87.8
87.8
87.8
87.8
87.9
87.9
87.9
88.0
88.0
88.1
74.2
74.4
88.2
88.1
88.1
88.1
70.3
44.5
38.8
58.2
87.5
87.5
57.6
64.2
87.3
80.0
51.1
84.6
84.9
85.3
85.6
85.9
86.0
86.3
86.5
86.7
86.9
87.1
87.1
87.3
87.4
87.4
87.5
87.6
87.7
87.7
75.7
67.6
87.3
87.3
87.4
47.0
46.9
39.1
39.2
83.0
83.5
83.8
38.0
40.5
62.8
86.7
50.5
44.9
69.0
80.9
81.4
86.7
86.6
86.6
86.6
86.5
86.6
86.6
86.7
86.7
86.4
57.6
63.4
63.7
69.6
81.7
88.8
88.8
88.7
88.7
88.8
88.8
88.8
88.7
88.8
88.8
88.8
88.8
88.3
88.3
88.3
88.2
88.1
88.0
81.5
88.6
88.7
88.8
88.9
89.1
89.2
89.2
89.3
89.4
89.5
89.5
89.6
89.6
89.7
89.7
89.7
89.6
89.6
89.5
89.5
89.6
89.7
89.7
89.8
89.8
89.8
89.7
89.5
89.3
89.3
89.1
88.8
88.8
88.8
88.9
89.0
89.1
88.8
71.3
58.4
50.9
50.7
50.7
50.6
50.5
50.4
50.3
50.2
50.2
50.0
