25.9
25.9
26.0
26.0
25.9
25.9
25.9
25.9
25.9
25.9
26.0
42.8
42.8
42.8
42.8
42.9
42.9
43.0
43.0
43.0
42.9
26.4
26.3
26.3
26.2
26.2
26.2
26.1
26.1
26.1
26.1
40.1
40.4
40.8
41.1
41.3
41.5
41.7
41.9
42.0
42.2
29.3
28.8
28.5
28.1
27.8
27.6
27.4
27.3
27.1
27.0
36.8
43.2
43.2
43.2
43.2
43.2
43.2
43.2
43.2
43.2
33.0
26.0
26.0
26.0
26.0
26.0
26.0
26.0
26.0
26.0
31.6
43.0
43.0
43.0
43.0
43.1
43.0
43.1
43.1
43.1
42.5
26.2
26.1
26.1
26.1
26.1
26.0
26.1
26.1
26.0
26.1
43.2
43.1
43.2
43.2
43.2
43.2
43.2
43.2
43.2
43.2
26.4
26.3
26.3
26.2
26.2
26.2
26.2
26.2
26.2
26.2
40.3
40.6
40.9
41.2
41.5
41.7
41.9
42.1
