26.1
26.1
26.1
26.1
26.1
26.0
26.0
26.0
26.0
26.0
26.0
40.7
47.4
47.4
47.4
47.4
47.5
47.5
47.5
47.5
47.5
33.4
26.0
26.0
25.9
26.0
26.0
26.0
26.0
25.9
26.0
34.5
47.8
47.7
47.7
47.7
47.7
47.7
47.7
47.7
47.7
39.7
26.2
26.1
26.1
26.1
26.1
26.0
26.0
26.0
26.0
26.5
47.2
47.2
47.2
47.2
47.3
47.3
47.3
47.3
47.3
46.8
26.4
26.3
26.2
26.2
26.2
26.1
26.1
26.1
26.1
26.1
46.1
46.2
46.3
46.5
46.6
46.7
46.8
46.8
46.9
46.9
27.6
27.4
27.2
27.1
26.9
26.8
26.7
26.6
26.5
26.4
40.7
47.2
47.2
47.2
47.2
47.3
47.2
47.2
47.3
47.3
33.4
26.0
26.0
25.9
25.9
25.9
26.0
26.0
26.0
26.0
35.3
47.2
47.2
47.2
47.3
47.3
47.3
47.3
47.3
