26.0
42.2
81.1
81.3
81.6
81.6
81.5
81.6
76.5
68.6
68.4
68.2
68.1
67.9
67.8
67.7
67.6
67.5
67.5
67.4
67.3
67.4
67.3
67.4
67.4
67.3
67.2
67.3
67.2
67.1
67.1
67.1
67.1
67.1
67.1
67.1
67.2
67.2
67.2
67.4
67.4
67.4
67.3
67.4
67.4
67.3
67.3
67.3
67.4
67.3
67.4
67.4
67.4
67.4
67.4
67.4
67.4
67.4
67.4
67.4
67.5
67.4
67.4
67.5
67.5
67.5
67.5
67.6
67.6
67.6
67.6
67.6
67.6
67.6
67.6
67.6
67.6
67.6
67.7
67.7
67.7
67.7
67.7
67.7
67.7
67.7
67.8
67.8
67.8
67.7
67.8
67.8
67.8
67.8
67.7
67.8
67.8
67.8
67.8
67.9
67.7
67.5
67.3
67.1
67.0
66.9
66.7
66.7
66.9
67.0
67.1
67.2
67.3
67.4
67.5
67.6
67.7
67.6
67.7
67.7
67.8
67.8
67.9
67.9
67.9
67.9
68.0
68.0
68.0
68.1
68.0
68.0
68.1
68.1
68.1
68.1
68.1
68.1
68.1
68.1
68.1
68.1
68.1
68.1
68.1
68.2
68.2
68.2
68.2
68.2
68.2
68.2
68.3
68.2
68.2
68.3
68.3
68.3
68.3
68.3
68.3
68.3
68.3
68.3
68.3
68.3
68.4
68.3
68.4
68.4
68.4
68.3
68.4
68.3
68.4
68.4
68.4
68.4
68.4
68.4
68.4
68.4
68.4
68.3
68.4
68.4
68.4
68.4
68.4
68.5
68.5
68.5
68.5
68.5
68.4
68.4
68.4
68.5
68.5
68.5
68.5
68.5
68.5
68.5
68.5
68.5
68.5
68.5
68.5
68.5
68.5
68.5
68.6
68.6
68.5
68.5
68.6
68.5
68.5
68.6
68.6
68.6
68.6
68.6
68.6
68.6
68.6
68.6
68.6
68.7
68.6
68.6
68.7
68.7
68.7
68.7
68.7
68.7
68.7
68.7
68.7
68.8
68.8
68.8
68.7
68.7
68.8
68.7
68.7
68.8
68.8
68.8
68.8
68.8
68.8
68.8
68.8
68.8
68.8
68.8
68.8
68.8
68.8
68.8
68.8
68.8
68.9
68.8
68.8
68.9
68.9
