26.5
48.6
78.2
101.5
101.5
101.7
101.8
102.0
102.2
102.3
102.4
102.6
102.9
103.1
103.2
103.4
103.6
103.7
103.8
103.9
104.1
104.2
104.3
104.3
104.4
104.5
104.6
104.6
104.7
104.7
104.7
104.6
104.5
104.6
104.4
104.5
104.6
104.5
104.6
104.7
104.7
104.7
104.7
104.8
104.7
104.7
104.5
104.4
104.4
104.4
104.5
104.5
104.6
104.8
104.8
104.9
105.0
105.1
105.2
105.2
105.3
105.4
105.5
105.5
105.5
105.6
105.7
105.8
105.7
105.8
105.8
105.8
105.9
105.8
105.8
105.8
105.8
105.9
105.8
105.8
105.8
105.8
105.9
105.9
105.9
105.8
105.9
105.9
105.9
106.0
106.0
106.0
105.9
106.0
106.0
106.0
106.0
106.1
106.1
106.0
106.0
