26.6
26.6
26.6
26.5
26.5
26.4
26.3
26.3
26.2
26.2
26.2
33.2
42.8
42.8
42.9
42.9
42.9
42.9
42.9
43.0
43.0
36.1
26.0
26.0
26.0
26.0
26.0
25.9
25.9
25.9
26.0
26.6
42.8
42.8
42.9
42.9
43.0
43.0
43.0
43.0
43.1
42.5
25.7
25.7
25.7
25.8
25.8
25.8
25.8
25.8
25.9
26.2
43.0
43.0
43.0
43.1
43.0
43.1
43.2
43.2
43.2
42.9
26.2
26.1
26.1
26.1
26.1
26.1
26.1
26.1
26.0
26.0
40.9
41.1
41.4
41.7
41.8
42.0
42.2
42.3
42.4
42.6
29.1
28.7
28.3
28.1
27.8
27.5
27.3
27.2
27.1
26.9
38.4
39.0
39.5
40.0
40.4
40.8
41.1
41.4
41.6
41.8
30.9
30.2
29.7
29.3
28.8
28.4
28.1
27.8
27.6
27.4
36.6
43.2
43.2
43.2
43.2
43.2
43.2
43.2
43.2
