26.4
34.7
45.7
45.3
31.4
31.2
31.1
31.0
31.0
31.0
39.5
39.0
38.9
38.7
38.4
38.1
38.2
37.9
38.5
38.4
38.3
38.8
70.7
88.2
88.7
54.7
94.4
94.7
95.2
95.5
95.8
96.0
96.3
96.6
96.8
97.0
97.2
97.4
97.6
97.7
97.8
97.9
98.0
92.9
92.9
98.3
98.3
98.3
98.4
98.4
98.5
98.5
98.5
98.5
98.6
98.7
98.7
98.7
98.7
98.7
98.7
98.6
98.6
98.7
98.6
98.6
98.7
98.6
98.7
98.7
98.7
98.8
98.9
98.8
98.8
98.7
98.8
98.7
98.7
98.8
98.7
98.8
98.8
98.8
98.8
98.8
98.9
98.9
99.0
99.0
98.9
98.9
98.9
98.9
99.0
99.0
98.9
99.0
99.0
98.9
99.0
99.0
98.9
98.9
98.9
98.9
98.9
98.9
98.9
98.9
98.9
98.9
98.9
98.8
98.8
98.8
98.8
98.8
98.6
98.7
98.7
98.7
98.8
98.8
98.6
98.6
98.7
98.7
98.7
98.6
98.6
98.7
98.6
98.7
98.7
98.8
98.8
98.8
98.8
98.8
98.5
98.5
98.6
98.6
98.7
98.7
98.8
98.8
98.8
98.8
98.8
98.7
98.6
98.7
98.6
98.5
98.4
98.4
98.4
98.5
98.4
98.5
98.6
98.5
98.6
98.6
98.6
98.6
98.5
98.5
98.4
98.5
98.5
98.5
98.4
98.4
98.4
98.4
98.5
98.5
98.4
98.4
98.4
98.4
90.2
97.9
97.9
98.0
98.0
98.0
98.1
98.1
98.1
98.2
98.2
98.4
98.4
98.5
98.5
98.6
98.6
98.7
98.7
98.7
98.7
98.7
98.8
98.8
98.7
98.7
98.8
98.8
98.8
98.8
98.8
98.8
98.8
98.9
98.8
98.8
98.8
98.8
98.8
98.8
98.8
98.7
98.7
98.6
98.7
98.6
98.5
98.5
98.5
98.6
98.6
98.6
98.6
98.6
98.6
98.6
98.6
98.6
98.6
98.6
98.7
98.7
98.6
98.7
98.7
98.5
98.3
98.4
98.4
98.4
98.4
98.4
98.4
98.4
98.4
98.5
98.5
98.5
98.5
98.4
98.5
98.6
98.6
98.6
98.7
98.7
98.7
98.7
98.8
98.8
98.7
98.7
98.7
98.6
98.7
98.6
98.6
98.6
98.3
98.4
98.3
98.4
98.4
98.4
98.4
98.4
98.4
98.4
98.4
98.5
98.5
98.5
98.5
98.6
98.6
98.7
98.6
98.7
98.6
98.6
98.6
98.6
98.5
98.5
98.4
98.4
98.2
98.2
98.3
98.2
98.3
98.1
98.2
98.2
98.2
98.2
98.2
98.2
98.2
98.2
98.2
98.3
98.2
98.3
98.4
98.4
98.3
98.4
98.4
98.4
98.4
98.4
98.4
98.4
98.4
98.5
98.4
98.4
98.4
98.5
98.5
98.5
98.5
98.5
98.5
98.5
98.5
98.6
98.6
98.5
98.6
98.5
98.5
98.5
98.5
98.6
98.5
98.6
98.6
98.6
98.7
98.6
98.6
98.6
98.6
98.5
92.3
98.8
98.8
98.7
98.7
98.8
98.7
98.7
98.7
98.6
98.6
98.5
98.6
98.6
98.6
98.6
98.6
98.7
98.7
98.6
98.6
98.6
98.6
98.7
98.6
98.6
98.7
98.8
98.8
98.8
98.8
98.8
98.7
98.8
98.7
98.7
98.7
98.7
98.7
98.7
98.7
98.7
98.6
98.7
98.7
98.6
98.7
98.7
98.6
98.7
98.6
98.6
98.6
98.6
98.6
98.6
98.6
98.6
98.6
98.7
98.7
98.7
98.7
98.7
98.7
98.7
98.8
98.8
98.7
98.6
98.6
98.5
98.6
98.6
98.5
98.6
98.6
98.6
98.6
98.5
98.5
91.5
96.7
96.8
96.9
97.2
97.4
97.5
97.7
97.8
98.0
98.1
98.2
98.1
98.3
98.4
98.5
98.5
98.5
98.5
98.5
98.6
98.6
98.6
98.7
98.7
98.6
98.6
98.6
98.6
98.7
98.7
98.7
98.6
98.7
98.7
98.7
98.7
98.6
98.6
98.6
98.6
98.6
98.6
98.7
98.6
98.6
98.6
98.6
98.6
98.6
98.5
98.5
98.6
98.6
98.6
98.7
98.7
98.6
98.6
98.6
98.4
98.4
98.4
98.5
98.5
98.5
98.5
98.5
98.5
98.6
98.6
98.7
98.7
98.7
98.7
98.6
98.6
98.6
98.6
98.6
98.6
98.6
98.6
98.6
98.6
98.6
98.6
98.7
98.6
98.6
98.6
98.6
98.6
98.6
98.6
98.6
98.6
98.6
98.7
98.7
98.6
98.6
98.6
98.6
98.6
98.6
98.6
98.6
98.6
98.6
98.6
98.5
98.6
98.6
98.6
98.6
98.7
98.7
98.7
98.6
98.6
98.7
98.7
98.7
98.7
98.7
98.7
98.7
98.7
98.6
98.6
98.6
98.6
98.6
98.5
98.6
98.6
98.6
98.7
98.7
98.7
98.7
98.7
98.7
98.7
98.7
98.9
98.8
98.8
98.8
98.8
98.7
98.8
98.7
98.6
98.7
98.7
98.7
98.6
98.6
98.6
98.6
98.6
98.6
98.6
98.7
98.7
98.7
98.7
98.7
98.6
98.6
98.6
98.6
98.7
98.8
98.7
98.7
98.7
98.8
98.7
98.5
98.6
98.6
98.6
98.6
98.2
98.2
98.3
98.3
98.4
98.5
98.5
98.5
98.5
98.6
98.5
98.6
98.6
98.6
98.7
98.7
98.7
98.6
98.6
98.7
98.6
98.6
98.3
98.1
97.7
97.3
97.5
97.6
97.8
97.9
97.9
98.0
98.1
98.2
98.3
98.3
98.3
98.4
98.4
98.4
98.4
98.4
98.5
98.5
98.5
98.5
98.6
98.6
98.4
98.4
98.4
98.4
98.2
98.1
98.1
98.2
98.2
98.2
98.4
98.4
98.5
98.5
98.5
98.4
98.4
98.4
98.5
98.4
98.4
98.5
98.5
98.5
98.6
98.5
98.6
98.5
98.5
98.5
98.4
98.4
98.4
98.4
98.5
98.4
98.5
98.5
98.5
98.5
98.5
98.5
98.5
97.9
98.0
98.1
98.2
98.3
98.2
98.3
98.4
98.4
98.4
98.5
98.5
98.6
98.6
98.6
98.6
98.5
98.3
98.4
98.4
98.4
98.5
98.6
98.6
98.6
98.6
98.6
98.6
98.6
98.5
98.5
98.5
98.5
98.4
98.5
98.5
98.5
98.6
98.6
98.6
98.6
98.6
98.6
98.6
98.6
98.6
98.6
98.7
98.7
98.7
98.7
98.8
98.8
98.8
98.8
98.8
98.7
98.7
98.7
98.7
98.8
98.8
98.7
98.7
98.7
98.7
98.8
98.7
98.7
98.7
98.7
98.7
98.7
98.7
98.6
98.6
98.2
98.3
98.3
98.3
98.3
98.4
98.2
98.2
98.2
98.3
98.4
98.5
98.4
98.5
98.5
98.6
98.6
98.6
98.6
98.6
98.6
98.7
98.7
98.7
98.7
98.7
98.7
98.8
98.7
98.7
98.7
98.6
98.7
98.7
98.7
98.7
98.6
98.6
98.6
98.6
98.6
98.6
98.6
98.7
98.8
90.9
98.6
98.6
98.5
98.6
98.6
98.6
98.7
98.6
98.6
98.6
98.4
98.4
98.4
98.4
98.4
98.4
98.5
98.4
98.4
98.4
98.4
98.2
98.3
98.5
98.4
98.5
98.5
98.5
98.6
98.6
98.6
98.7
98.7
98.8
98.7
98.8
98.8
98.8
98.9
98.8
98.8
98.8
98.8
98.9
98.8
98.8
98.8
98.8
98.8
98.7
98.7
98.7
98.6
98.7
98.4
98.4
98.5
98.5
98.5
91.5
98.1
98.1
98.1
98.2
98.1
98.2
98.2
98.2
98.3
98.3
98.4
98.4
98.5
98.5
98.5
98.5
98.4
98.4
98.4
98.4
98.4
98.5
98.5
98.5
98.5
98.5
98.6
98.6
98.6
98.7
98.6
98.6
98.7
98.7
98.7
98.6
98.6
98.6
98.6
98.6
98.6
98.6
98.6
98.5
98.5
98.4
98.5
98.5
98.6
98.7
98.7
98.6
98.5
98.6
98.6
98.6
98.5
98.6
98.6
98.6
98.5
98.6
98.6
98.6
98.6
98.7
98.7
98.7
98.7
98.6
98.6
98.7
98.7
98.6
98.6
98.5
98.6
98.6
98.6
98.6
98.6
98.7
98.7
98.7
98.7
98.7
98.7
98.8
98.7
98.7
98.6
98.6
98.6
98.6
98.6
98.6
98.6
98.6
98.7
98.7
98.7
98.6
98.6
98.7
98.7
98.7
98.7
98.6
98.8
98.7
98.8
98.8
98.8
98.9
98.8
98.9
98.8
98.8
98.8
98.8
98.8
98.8
98.7
98.8
98.8
98.6
98.6
98.6
98.6
98.6
98.6
98.5
98.5
98.5
98.5
98.5
98.6
98.6
98.6
98.6
98.6
98.6
98.6
98.6
98.6
98.6
98.6
98.7
98.7
98.7
98.6
98.6
98.6
98.6
98.5
98.5
98.6
98.5
98.6
98.5
98.5
98.5
98.5
98.5
98.6
98.6
98.6
98.6
98.6
98.7
98.7
98.6
98.7
98.7
98.7
98.7
98.7
98.7
98.7
98.7
98.4
98.5
98.5
98.4
98.5
98.6
98.7
98.6
98.6
98.7
98.7
98.8
98.8
98.9
98.8
98.9
98.8
98.9
98.9
98.9
98.9
98.9
99.0
98.9
98.9
98.9
98.9
98.9
98.8
98.8
98.8
98.7
98.7
98.8
98.7
98.7
98.7
98.7
98.7
98.7
98.7
98.7
98.7
98.6
98.6
98.7
98.7
98.6
98.6
98.6
98.6
98.6
98.6
98.6
98.6
98.7
98.7
98.7
98.7
98.8
98.8
98.8
98.8
98.8
98.8
98.7
98.7
98.8
98.7
98.7
98.7
98.8
98.7
98.6
98.6
98.6
98.7
98.7
98.7
98.7
98.7
98.7
98.7
98.7
98.7
98.7
98.7
98.8
98.8
98.7
98.7
98.7
98.7
98.8
98.7
98.7
98.7
98.7
98.7
98.7
98.7
98.7
98.6
98.7
98.7
98.6
98.7
98.7
98.7
98.7
98.7
98.6
98.6
98.6
98.5
98.5
98.5
98.6
98.6
98.5
98.5
98.5
98.5
98.6
98.6
98.6
98.7
98.6
98.7
98.7
98.6
98.7
98.7
98.7
98.7
98.7
98.7
98.8
98.8
98.8
98.8
98.8
98.6
98.6
98.6
98.7
98.7
98.7
98.8
98.8
98.8
98.7
98.7
98.7
98.7
98.6
98.6
98.7
98.6
98.6
98.6
98.7
98.7
98.7
98.6
98.7
98.7
98.7
98.8
98.7
98.7
98.7
98.7
98.8
98.7
98.5
98.5
98.6
98.6
98.6
98.6
98.6
98.6
98.5
98.5
98.5
98.6
98.6
98.7
98.7
75.3
51.7
51.8
51.6
51.3
51.3
51.2
51.2
51.1
50.7
50.5
50.5
50.7
50.7
51.0
51.0
44.1
49.3
49.5
49.8
50.2
50.4
42.0
30.1
30.4
30.6
30.5
39.1
87.9
58.0
57.8
50.3
50.1
50.1
50.0
50.0
85.9
91.3
91.7
92.3
92.8
93.2
93.7
94.1
94.4
94.8
95.1
95.4
95.6
86.9
78.8
79.3
79.0
85.4
85.9
96.3
96.3
96.5
96.6
96.7
96.8
96.9
97.0
97.1
97.2
97.2
97.3
97.3
97.3
97.4
97.3
91.5
96.9
96.9
97.0
97.1
97.1
97.3
97.3
97.4
97.5
97.5
97.5
97.5
97.6
97.6
97.7
97.8
97.7
97.8
97.8
97.8
91.5
91.6
96.9
96.9
96.9
97.0
97.0
97.1
97.1
97.2
97.3
97.4
97.5
97.5
97.5
97.5
97.5
97.5
97.6
97.6
97.7
97.8
97.5
97.4
97.4
97.5
97.6
97.6
97.7
97.7
97.8
97.9
97.9
98.0
98.0
98.0
98.1
98.1
98.1
98.1
98.2
98.2
98.2
98.2
97.8
97.7
97.8
97.8
97.8
97.8
97.9
97.9
98.0
98.0
98.0
98.1
98.1
98.1
98.0
98.1
98.1
98.1
98.1
98.2
98.2
98.2
81.9
96.9
96.9
97.1
97.3
96.8
96.9
97.0
97.2
97.3
97.4
97.5
97.6
97.7
97.7
97.6
97.6
97.7
97.6
97.6
97.7
89.0
71.3
41.1
65.1
39.7
47.0
40.5
34.5
40.5
34.7
35.0
43.4
43.1
43.6
49.9
44.3
35.5
45.7
54.2
32.4
32.1
31.9
31.7
31.6
31.4
31.3
31.3
31.5
31.5
31.4
31.3
31.3
31.3
31.3
31.1
40.7
40.6
40.2
30.9
30.7
36.4
36.4
43.0
30.5
30.4
30.9
46.8
46.4
35.1
35.3
35.5
35.6
35.8
36.1
36.0
36.1
35.9
35.9
35.8
35.4
35.3
34.9
34.5
34.0
33.5
33.2
33.0
32.8
32.5
32.2
31.9
31.7
31.5
31.3
31.1
31.2
31.6
32.0
32.6
32.7
39.5
39.1
