26.0
26.4
26.4
26.3
26.3
26.3
26.3
26.3
26.3
26.2
26.2
26.4
43.6
43.6
43.7
43.7
43.7
43.8
43.8
43.8
43.8
43.7
26.4
26.3
26.3
26.2
26.2
26.2
26.2
26.2
26.2
26.2
40.7
41.0
41.3
41.6
41.9
42.0
42.2
42.4
42.6
42.7
29.1
28.7
28.4
28.1
27.8
27.6
27.4
27.3
27.1
27.0
38.4
39.0
39.6
40.1
40.5
40.9
41.2
41.5
41.8
42.0
31.8
26.0
26.0
26.0
26.0
25.9
26.0
25.9
26.0
26.0
34.3
43.4
43.4
43.4
43.4
43.4
43.5
43.4
43.4
43.5
35.7
26.0
26.0
26.0
26.0
26.0
26.0
26.0
26.0
26.0
32.2
43.4
43.4
43.4
43.4
43.4
43.4
43.4
43.4
43.5
37.8
26.2
26.2
26.4
26.4
26.3
26.2
26.2
26.2
26.2
26.4
43.4
43.4
43.4
43.4
43.4
43.4
43.4
43.5
