26.1
54.7
69.0
68.7
68.9
68.6
68.5
68.1
68.1
62.4
62.9
68.4
49.9
49.8
49.7
49.7
49.6
49.6
49.6
49.5
49.5
49.4
49.4
49.4
49.4
49.4
49.4
49.3
49.3
49.3
49.2
49.3
49.2
49.2
49.2
49.1
49.1
49.1
49.1
49.0
49.0
49.0
49.1
49.1
49.1
49.0
49.0
49.0
49.0
49.0
49.0
49.0
49.0
49.0
49.0
49.0
49.0
49.1
49.1
49.1
49.1
49.1
49.1
49.1
49.1
49.1
49.1
49.1
49.1
49.2
49.2
49.2
49.2
49.2
49.2
49.2
49.2
49.3
49.3
49.3
49.3
49.4
49.3
49.4
49.4
49.4
49.4
49.4
49.5
49.5
49.5
49.5
49.5
49.5
49.5
49.5
49.6
49.5
49.6
49.6
49.6
49.6
49.6
49.6
49.6
49.6
49.6
49.6
49.6
49.7
49.7
49.7
49.7
49.7
49.7
49.7
49.6
49.6
49.6
49.6
49.7
49.7
49.7
49.7
49.6
49.7
49.7
49.7
49.7
49.7
49.7
49.7
49.7
49.8
49.8
49.8
49.8
49.7
49.7
49.8
49.8
49.8
49.8
49.7
49.8
49.8
49.8
49.8
49.8
49.8
49.8
49.8
49.8
49.8
49.8
49.8
49.8
49.8
49.7
49.7
49.7
49.7
49.7
49.7
49.7
49.7
49.7
49.7
49.8
49.8
49.7
49.7
49.7
49.7
49.7
49.7
49.7
49.7
49.7
49.7
49.7
49.7
49.7
49.7
49.7
49.7
49.7
49.7
49.7
49.7
49.7
49.7
49.7
49.7
49.7
49.6
49.7
49.7
49.7
49.7
49.7
49.6
49.6
49.7
49.6
49.6
49.6
49.6
49.6
49.6
49.6
49.6
49.6
49.6
49.6
49.6
49.5
49.6
49.5
49.5
49.6
49.6
49.5
49.5
49.5
49.6
49.6
49.5
49.6
49.6
49.6
49.5
49.6
49.5
49.5
49.5
49.5
49.5
49.5
49.5
49.5
49.5
49.5
49.5
49.6
49.6
49.6
49.6
49.6
49.6
49.5
49.6
49.6
49.6
49.6
49.6
49.5
49.6
49.5
49.6
49.6
49.5
49.5
49.6
49.6
49.6
49.6
49.6
49.6
49.5
49.6
49.6
49.5
49.6
49.6
49.5
49.6
49.6
49.6
49.6
49.6
49.6
49.5
49.6
49.6
49.6
49.6
49.6
49.6
49.6
49.6
49.6
49.6
49.6
49.6
49.6
49.6
49.6
49.6
49.4
49.3
48.9
48.7
48.6
48.6
