25.7
46.5
31.4
31.3
31.2
31.2
31.1
31.1
31.1
31.0
30.8
30.7
30.7
30.6
30.6
30.6
30.5
30.5
30.4
30.4
30.4
30.4
30.4
30.4
30.5
30.5
30.4
30.4
30.5
30.4
30.5
30.4
30.5
30.5
30.5
30.5
30.6
30.6
30.6
30.6
30.6
30.5
30.5
30.6
30.6
30.6
30.5
30.5
30.5
30.6
30.5
30.6
30.6
30.6
30.6
30.5
30.5
30.5
30.6
30.6
30.6
30.6
30.5
30.5
30.5
30.5
30.5
30.5
30.5
30.5
30.5
30.4
30.5
30.5
30.5
30.5
30.4
30.4
30.5
30.5
30.5
30.6
30.6
30.5
30.6
30.6
30.6
30.6
30.7
30.6
30.4
30.2
30.1
30.0
29.8
29.7
29.6
29.5
29.4
29.5
29.5
29.4
29.4
29.4
29.3
29.3
29.2
29.3
29.2
29.8
30.3
30.7
31.1
31.4
31.7
31.9
31.9
32.1
32.3
32.5
32.7
32.8
32.9
33.0
33.1
33.1
33.2
33.3
33.3
33.4
33.3
33.0
32.9
32.9
33.0
33.2
33.1
32.8
32.9
33.0
33.1
33.3
33.4
33.3
33.1
32.9
32.8
32.7
32.6
32.4
32.5
32.7
32.9
33.0
33.2
33.2
33.3
33.4
33.5
33.6
33.7
33.7
33.8
33.8
33.7
33.7
33.7
33.5
33.6
33.7
33.6
33.7
33.6
33.5
33.5
33.4
33.4
33.5
33.6
33.5
33.6
33.7
33.6
33.7
33.8
33.8
33.8
33.9
33.9
33.9
33.8
33.7
33.5
33.4
33.4
33.5
33.5
33.6
33.6
33.6
33.6
33.3
33.4
33.1
33.1
33.0
33.1
33.1
33.2
32.9
32.7
32.6
32.4
40.3
31.8
31.4
31.2
30.9
30.7
30.5
30.2
30.0
29.8
29.7
29.5
29.4
29.3
29.2
29.1
28.9
28.9
28.9
28.9
28.9
28.8
28.7
28.7
28.6
28.7
28.7
28.6
28.6
28.6
28.6
28.6
28.6
28.6
28.6
28.6
28.6
28.6
28.6
28.6
28.6
28.6
28.6
28.5
28.6
28.5
28.6
28.5
28.5
28.5
28.5
28.6
28.6
28.5
28.5
28.5
28.6
28.6
28.6
28.6
28.6
28.6
28.6
28.5
28.6
28.6
28.5
28.6
28.6
28.7
28.7
28.6
28.6
28.7
28.7
28.7
28.7
28.7
28.7
28.7
28.7
28.6
28.6
28.7
28.7
28.7
28.7
28.6
28.7
28.7
28.7
28.7
28.7
28.7
28.8
28.8
28.8
28.7
28.7
28.7
28.8
28.8
28.7
28.8
28.8
28.7
28.7
28.7
28.8
28.8
28.7
28.8
28.7
28.7
28.8
28.8
28.8
28.7
28.6
28.7
28.7
28.7
28.6
28.6
28.6
28.7
28.7
28.6
28.7
28.7
28.6
28.6
28.6
28.6
28.6
28.7
28.7
28.7
28.7
28.8
28.8
28.8
28.7
28.7
28.8
28.8
28.8
28.8
28.8
28.8
28.7
28.8
28.7
28.7
28.8
28.7
28.7
28.7
28.7
28.7
28.8
28.8
28.7
28.7
28.6
28.6
28.7
28.6
28.7
28.7
28.7
28.6
28.6
28.7
28.7
28.7
28.7
28.7
28.7
28.7
28.7
28.6
28.7
28.7
28.7
28.7
28.7
28.7
28.7
28.7
28.7
28.7
28.6
28.7
28.7
28.7
28.7
28.6
28.7
28.7
28.6
28.7
28.6
28.6
28.7
28.7
28.7
28.6
28.7
28.7
28.6
28.6
28.6
28.6
28.6
28.7
28.7
28.6
28.6
28.6
28.6
28.6
28.6
28.6
28.7
28.6
28.7
28.7
28.7
28.7
28.7
28.7
28.7
28.7
28.8
28.8
28.7
28.6
28.7
28.6
28.7
28.6
28.5
28.5
28.5
28.4
28.4
28.3
28.2
28.3
28.3
28.2
28.2
28.2
28.2
28.2
28.2
28.3
28.3
28.2
28.2
28.3
28.3
28.3
28.3
28.2
28.3
28.3
28.3
28.3
28.2
28.3
28.3
28.3
28.3
28.3
28.3
28.3
28.3
28.3
28.3
28.2
28.2
28.3
28.3
28.2
28.2
28.2
28.2
28.2
28.3
28.2
28.2
28.2
28.3
28.3
28.3
28.3
28.3
28.2
28.2
28.2
28.3
28.2
28.2
28.1
28.2
28.2
28.2
28.2
28.2
28.2
28.2
28.2
28.1
28.1
28.1
28.1
28.1
28.0
28.0
28.1
28.0
28.0
28.0
27.9
27.9
27.8
27.8
27.9
27.9
27.9
27.9
27.8
27.9
27.9
27.8
27.8
27.9
27.9
27.9
27.9
27.8
27.8
27.8
27.8
27.8
27.8
27.8
27.8
27.7
27.7
27.7
27.6
27.6
27.6
27.6
27.6
27.7
27.7
27.7
27.7
27.7
27.7
27.7
27.7
27.7
27.7
27.8
27.8
27.8
27.8
27.7
27.7
27.7
27.7
27.7
27.7
27.8
27.8
27.7
27.7
27.7
27.7
27.8
27.8
27.8
27.7
27.7
27.8
27.8
27.8
27.8
27.8
27.8
27.8
27.7
27.7
27.7
27.7
27.7
27.7
27.7
27.7
27.7
27.7
27.7
27.8
27.8
27.8
27.8
27.8
27.8
27.8
27.8
27.8
27.8
27.8
27.8
27.8
27.8
27.8
27.8
27.8
27.8
27.8
27.8
27.8
27.8
27.8
27.8
27.8
27.7
27.8
27.8
27.8
27.8
27.8
27.7
27.7
27.7
27.7
27.8
27.8
27.8
27.8
27.8
27.8
27.7
27.7
27.7
27.7
27.7
27.7
27.6
27.7
27.6
27.7
27.7
27.7
27.7
27.7
27.7
27.7
27.7
27.6
27.7
27.7
27.7
27.7
27.7
27.8
27.8
27.8
27.8
27.8
27.9
27.9
27.9
27.9
27.9
27.9
28.0
27.9
28.0
28.0
28.0
28.1
28.0
28.0
28.1
28.0
28.0
28.1
28.0
28.0
28.0
28.0
28.0
28.1
28.0
28.0
28.0
28.1
28.1
28.0
28.0
28.0
28.0
28.0
28.0
28.1
28.0
28.0
28.0
28.0
28.1
28.1
28.0
28.0
28.0
28.0
28.0
28.0
27.9
28.0
28.0
27.9
27.9
27.9
27.9
27.9
27.9
27.9
