25.9
83.8
83.9
84.1
84.3
84.5
84.7
84.9
85.0
85.2
85.3
85.4
85.6
85.7
85.8
85.9
86.0
86.1
86.2
86.3
86.4
86.4
86.5
86.5
86.6
86.6
86.6
86.7
86.7
86.8
86.8
86.8
86.9
86.9
86.9
87.0
87.0
87.0
87.0
87.0
87.0
87.1
87.1
87.1
87.1
87.1
87.1
87.1
87.1
87.1
87.2
87.1
87.2
87.2
87.2
87.2
87.2
87.2
87.2
87.2
87.2
87.2
87.2
87.2
87.2
87.2
87.2
87.2
87.2
87.2
87.2
87.3
87.2
87.3
87.2
87.3
87.3
87.3
87.3
87.3
87.3
87.3
87.3
87.3
87.3
87.4
87.4
87.4
87.4
87.3
87.4
87.3
87.4
87.4
87.3
87.4
87.4
87.4
87.4
87.4
87.4
87.4
87.5
87.5
87.5
87.4
87.4
87.5
87.5
87.5
87.5
87.4
87.4
87.5
87.5
87.5
87.4
87.4
87.5
87.5
87.5
87.5
87.5
87.5
87.5
87.5
87.5
87.5
87.5
87.5
87.5
87.5
87.5
87.5
87.5
87.5
87.5
87.5
87.5
87.5
87.5
87.5
87.5
87.5
87.5
87.5
87.5
87.5
87.5
87.5
87.5
87.5
87.5
87.5
87.5
87.5
87.5
87.6
87.5
87.5
87.6
87.6
87.6
87.6
87.6
87.6
87.6
87.6
87.6
87.6
87.6
87.5
87.5
87.5
87.4
87.2
87.1
86.9
86.8
76.7
76.5
76.4
76.3
76.2
75.9
61.1
60.6
49.0
