26.4
83.8
100.0
100.3
100.7
101.1
101.6
101.9
102.2
102.6
102.9
103.3
103.6
104.0
104.3
104.6
104.7
104.9
105.0
104.7
104.7
104.8
104.9
105.1
105.3
105.4
105.5
105.6
105.8
105.8
105.9
106.0
106.0
106.1
106.2
106.2
106.3
106.3
106.4
106.4
106.5
106.5
106.5
106.6
106.6
106.7
106.7
106.7
106.7
106.7
106.7
106.7
106.6
93.1
105.8
105.9
106.1
106.2
106.4
106.5
106.7
106.8
106.9
107.0
107.0
107.1
107.1
107.2
107.2
107.2
107.2
107.3
107.4
107.4
107.5
107.6
107.6
107.7
107.7
107.7
107.7
107.7
107.7
107.6
107.6
107.5
107.4
99.4
107.1
107.0
107.0
107.1
107.1
107.2
107.2
107.2
107.3
107.3
107.4
107.4
107.4
107.5
107.5
107.5
107.5
107.6
107.6
107.7
107.7
107.8
107.8
107.8
107.8
107.9
107.8
107.7
107.6
107.5
107.5
107.4
107.3
92.7
107.7
107.6
107.6
107.2
107.2
107.2
107.3
107.3
107.4
107.5
107.5
107.6
107.7
107.7
107.7
107.8
107.8
107.8
107.9
107.9
107.9
107.9
107.9
108.0
108.0
108.0
107.9
107.9
107.8
102.3
102.8
103.3
103.8
104.3
104.8
105.2
105.6
106.0
106.3
106.5
106.8
107.0
107.2
107.3
107.4
107.5
107.6
107.7
107.7
107.8
107.9
107.9
107.9
108.0
108.0
108.1
108.1
108.1
108.1
108.1
108.1
108.1
108.2
108.2
108.2
108.2
108.3
108.3
108.3
108.3
108.3
108.4
108.4
108.4
108.4
108.4
108.4
108.3
108.2
108.2
108.1
108.0
94.8
101.9
108.5
108.0
107.9
107.9
107.9
108.0
108.1
108.2
108.3
108.4
108.4
108.5
108.6
108.7
108.7
108.7
108.7
108.6
108.2
107.9
107.8
107.7
107.7
107.7
107.7
107.6
107.7
107.7
107.8
107.8
107.9
107.9
107.9
108.0
108.0
108.1
108.1
108.1
108.1
108.1
108.2
108.2
108.3
108.3
108.3
108.3
108.3
108.4
108.4
108.3
108.3
108.2
108.1
108.0
97.9
106.7
106.7
106.8
106.9
107.0
107.1
107.2
107.3
107.5
107.7
107.8
107.9
108.0
108.1
108.2
108.3
108.3
108.3
108.4
108.4
108.5
108.5
108.6
108.7
108.7
108.7
108.7
108.7
108.6
108.6
108.5
108.4
108.3
108.2
91.5
107.5
107.5
107.6
107.1
107.2
107.2
107.3
107.4
107.4
107.5
107.6
107.7
107.7
107.8
107.8
107.8
107.9
107.9
108.0
108.0
108.1
108.2
108.2
108.3
108.3
108.4
108.4
108.4
108.3
101.9
102.5
103.1
103.7
104.2
104.6
105.1
105.4
105.7
106.0
106.2
106.4
106.6
106.7
106.8
107.0
107.1
107.2
107.3
107.4
107.5
107.6
107.6
107.7
107.8
107.8
107.9
107.9
107.9
108.0
108.0
108.0
108.1
108.2
108.2
108.2
108.3
108.3
108.3
108.3
108.3
108.3
108.4
108.4
108.4
108.3
108.3
108.3
108.3
108.3
108.3
108.2
108.1
98.6
107.1
107.1
107.2
107.3
107.3
107.3
107.4
107.4
107.4
107.5
107.4
107.4
107.5
107.5
107.5
107.6
107.6
107.6
107.6
107.7
107.7
107.7
107.7
107.8
107.9
107.9
108.0
108.0
108.1
108.1
108.1
108.2
108.2
108.3
108.3
108.3
108.3
108.3
108.3
108.4
108.4
108.4
108.3
108.4
108.4
108.4
108.3
108.3
108.3
108.3
108.3
108.3
107.9
87.1
107.3
107.2
107.2
107.3
101.1
106.7
106.8
106.9
107.0
107.1
107.1
107.2
107.2
107.2
107.3
107.3
107.4
107.4
107.4
107.5
107.5
107.2
100.2
107.3
107.3
107.5
107.5
107.6
107.6
107.7
107.7
107.8
107.8
107.8
107.8
107.8
107.7
107.7
107.7
107.7
107.7
107.7
107.8
107.8
107.7
107.7
107.7
107.8
107.8
107.8
107.8
107.8
107.8
107.9
107.8
107.9
101.3
100.7
106.3
106.3
106.5
106.6
106.7
106.9
107.0
107.0
107.1
107.2
107.2
107.2
107.2
107.2
107.2
107.3
107.3
107.3
107.3
107.4
107.4
107.4
107.5
107.6
107.6
107.6
107.6
107.7
107.7
107.7
107.8
107.8
107.8
107.8
94.0
106.7
106.7
106.9
107.0
107.1
107.2
107.2
107.3
107.3
107.3
107.3
107.4
107.4
107.4
107.5
107.5
107.5
107.5
107.5
107.6
107.6
107.6
107.6
107.7
107.7
107.7
107.7
107.7
107.7
107.7
107.8
107.8
107.8
107.9
92.1
103.5
104.0
104.4
104.9
105.3
105.6
105.9
106.2
106.4
106.6
106.4
106.6
106.9
107.2
107.4
107.6
107.8
107.9
108.0
108.1
108.2
108.3
108.3
108.4
108.5
108.6
108.6
108.7
108.7
108.8
102.9
108.1
108.1
108.2
108.3
108.4
108.5
108.6
108.6
108.7
108.7
108.8
108.8
108.8
108.9
108.9
108.9
108.9
109.0
109.0
108.9
109.0
109.0
109.0
109.0
109.1
109.0
109.1
109.1
109.1
109.1
109.1
109.1
109.1
109.1
109.1
109.1
109.1
109.1
109.1
97.7
108.1
108.2
108.3
108.4
108.4
108.5
108.6
108.6
108.7
108.7
108.7
108.7
108.7
108.8
108.8
108.8
108.8
108.8
108.9
108.9
108.9
108.9
108.9
108.9
109.0
109.0
109.0
109.0
109.1
109.0
109.1
109.1
109.0
109.0
109.0
109.0
109.0
109.0
109.0
97.9
107.7
107.7
107.8
107.9
108.0
108.1
108.1
108.2
108.3
108.3
108.4
108.4
108.4
108.5
108.5
108.5
108.5
108.5
108.5
108.5
108.6
108.6
108.6
108.6
108.6
108.6
108.7
108.6
108.7
108.7
108.7
108.7
108.7
108.7
108.7
108.7
108.7
