26.5
45.9
45.5
45.1
74.0
80.9
66.1
56.9
81.5
50.5
50.3
50.4
68.0
85.7
85.4
85.4
85.7
80.2
87.3
87.5
87.7
64.0
56.3
38.0
51.5
51.5
80.5
80.5
71.1
61.1
71.3
55.1
54.5
54.2
69.2
85.0
85.0
85.3
85.7
79.8
87.3
87.6
87.5
61.1
60.8
33.4
55.1
54.8
82.3
73.8
73.4
72.8
61.1
55.5
49.3
55.9
73.8
85.9
85.6
85.8
85.9
85.6
85.8
86.4
86.7
57.2
63.4
36.1
55.1
45.5
79.8
80.4
70.1
59.9
81.1
48.0
48.3
48.9
69.0
86.9
86.9
86.8
87.0
87.1
86.8
87.1
87.4
80.2
56.7
48.2
47.9
56.7
72.8
84.6
72.6
60.5
83.0
48.8
49.1
48.8
55.1
81.5
86.9
87.0
87.1
87.3
80.5
87.3
87.5
87.8
61.5
