26.9
55.1
95.9
95.9
96.0
96.1
96.2
96.3
96.4
96.6
96.7
96.9
97.0
97.1
97.3
97.5
97.6
97.6
97.8
97.9
98.0
98.1
98.2
98.3
98.4
98.4
98.5
98.5
98.6
98.6
98.7
98.7
98.7
98.8
98.8
98.8
98.8
98.8
98.8
98.9
98.9
98.9
99.0
99.0
99.0
99.0
99.0
99.0
99.0
99.0
99.1
99.0
99.1
99.1
99.1
99.1
99.1
99.1
99.1
99.1
99.1
99.1
99.1
99.1
99.1
99.1
99.1
99.2
99.2
99.2
99.2
99.2
99.2
99.2
99.2
99.2
99.2
99.2
99.2
99.2
99.2
99.2
99.2
99.2
99.2
99.2
99.2
99.2
99.2
99.2
99.2
99.2
99.2
99.2
99.3
99.2
99.2
99.3
99.3
99.3
99.2
99.3
99.3
99.3
99.3
99.3
99.3
99.3
99.3
99.3
99.3
99.4
99.4
99.4
99.4
99.4
99.4
99.4
99.4
99.4
99.4
99.4
99.4
99.4
99.4
99.4
99.4
99.4
99.3
99.4
99.4
99.4
99.4
99.4
99.4
99.4
99.4
99.4
99.4
99.4
99.4
99.4
99.4
99.4
99.4
99.4
99.4
99.4
99.4
99.4
99.4
99.4
99.5
99.5
99.4
99.4
99.4
99.4
99.5
99.5
99.4
99.4
99.5
99.5
99.4
99.5
99.4
99.3
98.9
98.5
98.2
98.0
97.8
97.4
92.3
