1.1854388714 17519466.088395 20768256.107071 24570130.000000 2063890920 15022.491584
0.9357359409 18209599.352381 17039376.584018 19517142.000000 1639439928 15117.382098
0.6983109713 19902292.190464 13897988.989825 15503330.000000 1302279720 16091.250845
0.5933694839 19010075.553025 11279998.720706 12314982.000000 1034458488 15042.577335
0.4726203283 19292003.466613 9117793.011327 9782336.000000  821716224 15001.816786
0.3465607166 21194803.622710 7345286.332298 7770543.000000  652725612 16251.210438
0.3060845852 19279319.621642 5901102.549132 6172487.000000  518488908 14616.130246
0.2233092785 21182631.714703 4730278.204691 4903080.000000  411858720 15913.873079
0.1775423421 21318309.516627 3784902.600769 3894734.000000  327157656 15899.722193
0.1460746418 20702112.219990 3024053.627755 3093760.000000  259875840 15350.604021
0.1163939238 20734092.250356 2413322.352610 2457511.000000  206430924 15303.079714
0.0917906629 20962087.273355 1924123.885991 1952110.000000  163977240 15414.145674
0.0670606053 22858974.042942 1532936.636757 1550648.000000  130254432 16759.437297
0.0578488646 21098888.622311 1220546.750875 1231749.000000  103466916 15432.669584
0.0459669166 21131523.067590 971350.958777 978433.000000   82188372 15427.636511
0.0366189376 21102122.900850 772737.322087 777213.000000   65285892 15383.246341
0.0291022761 21116808.957189 614547.204865 617375.000000   51859500 15375.730610
0.0216318908 22588069.743613 488622.657632 490409.000000   41194356 16431.515819
0.0186763587 20797717.614050 388425.634728 389554.000000   32722536 15117.818958
0.0144623806 21346916.216874 308727.226403 309440.000000   25992960 15507.805511
0.0111377060 22028923.485385 245351.672389 245802.000000   20647368 15995.703418
0.0080071856 24349051.324088 194967.373492 195252.000000   16401168 17673.773059
0.0070763148 21892465.993393 154917.981359 155098.000000   13028232 15885.933164
0.0055534317 22164315.945878 123088.014935 123202.000000   10348968 16079.406013
0.0046506654 21027678.159128 97792.694545 97865.000000    8220660 15251.971603
0.0032658036 23789856.676718 77693.000233 77739.000000    6530076 17252.918138
0.0028031404 22019090.513805 61722.602150 61752.000000    5187168 15966.872470
0.0021914536 22375139.262095 49034.079569 49053.000000    4120452 16223.590353
0.0017462889 22305983.841784 38952.691624 38965.000000    3273060 16172.317916
0.0013598652 22755096.273954 30943.864069 30952.000000    2599968 16497.059029
0.0010590286 23211361.968319 24581.497063 24587.000000    2065308 16827.186791
0.0008356803 23366782.262788 19527.158464 19531.000000    1640604 16939.399874
0.0006536525 23731581.878807 15512.206947 15515.000000    1303260 17203.569129
0.0005124542 24046772.454938 12322.868440 12325.000000    1035300 17431.934639
0.0004402312 22236691.333195 9789.285860 9791.000000     822444 16119.808812
0.0003303989 23536849.930992 7776.549386 7778.000000     653352 17062.514041
0.0002631204 23478667.089794 6177.715594 6179.000000     519036 17020.699387
0.0002081577 23577410.895354 4907.820495 4909.000000     412356 17092.837089
0.0001574965 24755388.647234 3898.886713 3900.000000     327600 17947.642844
0.0001314183 23565428.848665 3096.928516 3098.000000     260232 17085.955030
0.0001039588 23662781.949350 2459.954891 2461.000000     206724 17157.892840
0.0000841676 23215255.623497 1953.971551 1955.000000     164220 16835.098993
0.0000719434 21572259.081565 1551.982043 1553.000000     130452 15645.666561
0.0000520453 23690699.729016 1232.988662 1234.000000     103656 17184.925115
0.0000387388 25297465.935723 979.992837 981.000000      82404 18354.256846
0.0000322708 24139300.803872 778.995474 780.000000      65520 17518.545038
0.0000255241 24251515.098070 618.997140 620.000000      52080 17605.793440
0.0000215248 22857307.680075 491.998194 493.000000      41412 16600.538037
0.0000163119 23970215.016460 390.998859 392.000000      32928 17417.915771
0.0000134409 23138236.757981 310.999276 312.000000      26208 16824.383342
0.0000108465 22772253.498531 246.999544 248.000000      20832 16572.011211
0.0000081432 24069183.049036 195.999713 197.000000      16548 17534.194526
0.0000064984 24005906.715085 155.999818 157.000000      13188 17510.855127
0.0000052316 23701983.236304 123.999885 125.000000      10500 17317.575771
0.0000040174 24642972.022212 98.999927 100.000000       8400 18041.468754
0.0000033112 23858607.137436 78.999953 80.000000       6720 17511.442368
0.0000026850 23463377.484048 62.999970 64.000000       5376 17276.025576
0.0000017819 28060019.687118 49.999981 51.000000       4284 20744.453006
0.0000010656 37538052.749231 39.999988 41.000000       3444 27887.489309
0.0000008869 36080950.132836 31.999992 33.000000       2772 26968.433092
0.0000007494 34694190.019380 25.999995 27.000000       2268 26113.250420
0.0000006401 32806849.446632 20.999997 22.000000       1848 24910.455134
0.0000005696 29847211.408846 16.999998 18.000000       1512 22905.568955
0.0000004804 29144452.666798 13.999998 15.000000       1260 22632.516886
0.0000003480 31611101.698935 10.999999 12.000000       1008 24994.353614
0.0000002778 32395897.007967 8.999999 10.000000        840 26089.226972
0.0000002248 31142558.198067 7.000000 8.000000        672 25796.449543
0.0000001965 30536599.734730 6.000000 7.000000        588 25821.482191
0.0000001489 33569677.760231 5.000000 6.000000        504 29197.261255
0.0000001197 33404642.912507 4.000000 5.000000        420 30264.293587
0.0000000911 32921514.853436 3.000000 4.000000        336 31815.022830
0.0000000641 31200519.295390 2.000000 3.000000        252 33920.853321
0.0000000323 30970674.084596 1.000000 2.000000        168 44894.624052
