0.0001440286 13866957.869849 1997.239042 3900.000000     171600 10329.416948
0.0001159185 15211994.788098 1763.351141 3098.000000     136312 10195.037565
0.0000872215 17617699.326294 1536.642288 2461.000000     108284 10763.365274
0.0000654042 20224248.364614 1322.750592 1955.000000      86020 11402.530416
0.0000530678 21204751.642707 1125.289944 1553.000000      68332 11163.497009
0.0000429237 22074231.535263 947.508311 1234.000000      54296 10966.745811
0.0000325277 24312377.150270 790.826270 981.000000      43164 11504.702599
0.0000273112 23959388.021806 654.359961 780.000000      34320 10894.659414
0.0000215781 24915470.625377 537.628965 620.000000      27280 10960.697149
0.0000175790 24984755.802471 439.208202 493.000000      21692 10698.222808
0.0000138569 25754302.643255 356.875747 392.000000      17248 10791.427064
0.0000111197 25988225.776431 288.982284 312.000000      13728 10703.358169
0.0000088156 26419167.870730 232.900499 248.000000      10912 10731.500449
0.0000070546 26510097.444046 187.017920 197.000000       8668 10652.569609
0.0000054799 27417281.025711 150.244185 157.000000       6908 10929.150703
0.0000046782 25722709.110308 120.334869 125.000000       5500 10192.841761
0.0000036963 26147902.350033 96.650953 100.000000       4400 10320.262976
0.0000028339 27342894.061127 77.486223 80.000000       3520 10768.867347
0.0000021813 28437308.078369 62.030532 64.000000       2816 11192.394254
0.0000017753 27816595.492897 49.383237 51.000000       2244 10958.589151
0.0000015273 25931918.466000 39.604706 41.000000       1804 10240.749851
0.0000008871 35781578.052215 31.743440 33.000000       1452 14189.904936
0.0000007271 35527452.496940 25.831523 27.000000       1188 14165.694198
0.0000005318 39282196.926114 20.889110 22.000000        968 15781.873506
0.0000004665 36284843.889060 16.925601 18.000000        792 14720.200454
0.0000003657 38146001.821781 13.948904 15.000000        660 15648.050621
0.0000002848 38504026.496518 10.967859 12.000000        528 16070.359168
0.0000002322 38669186.604718 8.978075 10.000000        440 16430.162579
0.0000002025 34500033.439147 6.986351 8.000000        352 15070.204717
0.0000002025 29578666.267498 5.989761 7.000000        308 13186.429127
0.0000002025 24654899.014321 4.992684 6.000000        264 11302.653538
0.0000001653 24161640.731916 3.995122 5.000000        220 11535.235464
0.0000001269 23610125.005513 2.997072 4.000000        176 12020.460713
0.0000000869 22986923.259582 1.998536 3.000000        132 13162.859056
0.0000000506 19749257.261381 0.999512 2.000000         88 15074.846503
