0.0000593583 33647163.085089 1997.239042 3900.000000     171600 25063.577743
0.0000439384 40132394.073822 1763.351141 3098.000000     136312 26896.621439
0.0000356840 43062461.315759 1536.642288 2461.000000     108284 26308.599786
0.0000283839 46602064.962573 1322.750592 1955.000000      86020 26274.472781
0.0000233219 48250443.090203 1125.289944 1553.000000      68332 25402.027159
0.0000190312 49787017.521844 947.508311 1234.000000      54296 24734.793825
0.0000143477 55118607.055817 790.826270 981.000000      43164 26082.319221
0.0000114485 57156921.432321 654.359961 780.000000      34320 25990.029110
0.0000088217 60944200.004064 537.628965 620.000000      27280 26810.287042
0.0000071926 61064047.295117 439.208202 493.000000      21692 26147.014952
0.0000059708 59770415.568355 356.875747 392.000000      17248 25044.672696
0.0000051408 56213596.795717 288.982284 312.000000      13728 23151.802114
0.0000037386 62296025.414466 232.900499 248.000000      10912 25304.726780
0.0000027896 67040917.931156 187.017920 197.000000       8668 26939.095429
0.0000022421 67011755.567695 150.244185 157.000000       6908 26712.407215
0.0000018013 66804083.400457 120.334869 125.000000       5500 26471.684930
0.0000014623 66097044.478224 96.650953 100.000000       4400 26087.709517
0.0000012113 63971207.706172 77.486223 80.000000       3520 25194.752549
0.0000010054 61698422.067242 62.030532 64.000000       2816 24283.348575
0.0000008436 58541490.478118 49.383237 51.000000       2244 23062.928121
0.0000007046 56207472.685091 39.604706 41.000000       1804 22196.840864
0.0000006278 50563657.785369 31.743440 33.000000       1452 20052.036166
0.0000005233 49365186.465295 25.831523 27.000000       1188 19683.148843
0.0000004235 49327407.938578 20.889110 22.000000        968 19817.601188
0.0000003691 45858447.172329 16.925601 18.000000        792 18604.063365
0.0000002892 48227471.629212 13.948904 15.000000        660 19783.617715
0.0000002517 43580187.269300 10.967859 12.000000        528 18188.987639
0.0000001984 45249495.832161 8.978075 10.000000        440 19226.072189
0.0000001616 43220739.443377 6.986351 8.000000        352 18879.558264
0.0000001384 43270345.391354 5.989761 7.000000        308 19290.299896
0.0000001090 45797248.701313 4.992684 6.000000        264 20995.033675
0.0000000868 46008995.109254 3.995122 5.000000        220 21965.585779
0.0000000598 50143697.612942 2.997072 4.000000        176 25529.316216
0.0000000388 51506555.605344 1.998536 3.000000        132 29493.878944
0.0000000192 52072289.105781 0.999512 2.000000         88 39747.406950
