26.1
34.1
51.3
95.9
102.5
102.5
102.6
102.7
102.8
103.0
103.2
103.3
103.5
103.7
103.8
104.0
104.2
104.3
104.4
104.6
104.7
104.8
104.9
104.9
105.0
105.1
105.1
105.2
105.6
112.9
112.7
112.4
112.2
112.1
105.2
105.1
105.2
105.2
105.2
105.3
105.4
105.4
105.4
105.4
105.5
105.4
105.3
105.2
105.1
105.1
105.2
105.2
105.3
105.4
105.5
105.6
105.7
105.8
105.9
105.9
106.0
106.1
106.2
106.3
106.2
106.3
106.4
106.4
106.5
106.5
106.6
106.6
106.7
106.7
106.7
106.6
106.7
106.7
106.7
106.6
106.6
106.6
106.7
106.7
106.7
106.7
106.7
106.7
107.2
107.8
108.3
108.7
109.0
109.3
109.1
108.8
108.6
108.3
108.1
108.0
107.7
107.6
