26.0
26.1
26.1
26.0
26.0
26.0
25.9
25.9
25.9
25.9
25.9
36.1
43.8
43.8
43.9
44.0
44.0
44.0
44.0
44.1
44.1
34.5
26.0
26.0
25.9
25.9
25.9
33.2
32.7
32.2
31.9
31.8
45.1
44.9
44.8
44.7
44.6
44.6
44.5
44.4
44.4
44.1
26.4
26.3
26.2
26.2
26.1
26.1
26.1
26.0
26.0
26.0
39.9
40.3
40.8
41.2
41.5
41.8
42.0
42.2
42.4
42.7
30.5
29.9
29.4
28.9
28.5
28.1
27.8
27.6
27.4
27.2
33.4
43.4
43.4
43.5
43.6
43.7
43.7
43.7
43.8
43.8
37.0
25.7
25.7
25.7
25.8
33.0
32.5
32.1
31.7
31.4
30.9
43.6
43.6
43.6
43.5
43.6
43.5
43.6
43.6
43.6
43.6
26.8
26.6
26.5
26.4
26.3
26.3
26.2
26.2
26.2
26.2
37.4
43.4
43.4
43.4
43.4
43.5
43.5
43.5
