25.9
79.0
79.4
79.8
105.2
105.2
105.0
104.8
104.5
104.2
103.9
103.6
103.3
102.9
102.6
102.2
70.3
69.7
69.2
68.8
68.5
68.2
68.0
67.8
67.6
98.6
98.8
98.9
71.3
70.6
70.1
69.5
69.1
68.7
68.5
68.3
68.1
95.9
96.1
96.2
74.6
74.1
73.7
73.3
72.7
66.3
66.3
66.3
66.3
66.3
66.3
66.2
66.2
66.2
66.2
66.3
66.4
66.4
94.6
94.9
95.1
95.4
95.8
96.1
96.1
96.0
95.9
78.2
77.6
77.0
67.4
67.2
67.1
96.1
102.5
102.6
102.4
102.2
102.0
94.6
94.6
94.6
94.6
94.7
94.8
95.2
95.7
96.2
96.3
96.4
96.4
95.8
90.0
89.9
90.1
90.4
90.6
91.1
91.5
91.8
91.8
91.7
91.6
91.8
97.3
97.5
82.1
98.1
98.5
98.8
87.7
100.0
100.0
99.6
99.7
100.0
100.3
99.7
100.1
100.4
99.9
100.3
100.5
100.8
71.5
79.2
79.3
79.5
64.2
64.8
82.3
99.2
99.2
99.3
76.3
92.1
98.6
98.6
82.5
82.0
98.8
98.8
98.8
84.0
100.0
100.0
100.0
81.3
99.6
99.6
99.6
92.1
100.6
100.5
100.6
91.1
100.8
100.8
100.9
100.7
100.4
100.2
92.1
98.6
98.8
98.5
97.9
97.5
97.2
86.7
86.9
87.2
94.0
99.8
99.8
90.2
96.3
96.2
86.7
97.9
97.9
97.9
89.6
96.1
96.0
96.4
103.3
103.3
97.9
98.2
98.5
98.3
98.9
99.3
99.1
99.2
99.4
99.4
98.8
98.5
98.3
103.8
104.0
104.2
103.9
103.7
103.6
103.2
103.1
103.0
97.3
97.5
97.8
97.9
98.2
98.5
99.0
106.7
106.7
106.1
96.1
96.0
95.8
95.8
96.1
90.0
97.1
103.8
103.8
89.2
89.1
89.1
80.9
98.1
98.3
98.5
91.7
91.9
92.1
92.1
92.5
92.8
93.2
100.8
100.8
93.6
83.2
83.1
83.7
101.3
101.3
100.8
92.5
92.4
92.0
100.2
100.2
100.2
99.8
100.0
100.2
92.5
92.5
92.5
93.1
103.8
103.7
95.6
95.4
95.1
95.0
100.4
100.3
100.1
99.9
99.8
99.7
100.3
100.7
100.6
81.1
81.0
81.1
95.2
95.4
95.6
95.6
95.8
95.8
95.9
96.0
96.2
96.5
97.0
97.5
97.6
97.9
98.1
98.7
104.0
104.0
92.5
92.0
91.6
92.2
99.6
99.6
99.2
98.9
98.6
98.5
98.8
99.0
99.4
104.8
104.7
104.3
103.8
103.4
103.1
103.3
103.5
102.8
91.5
91.5
91.7
99.2
99.2
99.1
99.0
98.8
98.5
98.9
99.1
99.2
99.4
99.6
99.7
100.3
100.6
100.4
87.9
88.0
88.1
97.7
98.1
98.3
98.4
98.7
99.0
99.0
99.1
99.1
99.2
99.2
99.2
99.6
100.0
100.3
100.0
99.6
99.1
98.9
98.9
98.7
98.7
98.8
98.8
98.9
99.0
99.0
99.1
99.1
99.2
99.5
100.0
100.4
100.5
100.2
99.9
99.7
99.6
99.5
84.4
102.5
102.7
102.9
86.3
86.6
86.9
86.3
100.2
100.2
100.0
90.0
90.2
90.5
100.0
100.3
100.4
99.8
99.5
99.2
98.7
98.8
99.1
93.1
92.7
92.5
92.1
92.3
92.5
92.3
100.4
100.5
100.4
101.0
101.5
101.5
94.4
94.5
94.6
102.3
102.6
102.8
102.3
101.7
101.2
100.9
101.0
101.0
100.6
100.2
99.8
100.0
100.5
100.8
100.7
100.5
100.4
100.6
101.2
101.6
102.0
102.4
102.7
102.6
102.5
102.3
101.8
101.7
101.6
101.3
101.3
101.3
101.3
101.8
102.3
102.5
102.7
102.3
102.0
101.7
101.5
101.6
102.1
102.4
102.7
102.9
103.2
103.4
103.4
103.6
103.7
103.8
103.8
104.0
104.0
104.1
104.1
103.8
103.3
102.8
102.4
102.1
101.8
101.5
101.2
101.0
101.1
101.5
101.8
101.6
101.4
101.2
101.1
101.1
101.2
101.4
101.8
102.2
102.1
101.8
101.5
101.4
101.4
101.5
90.6
80.0
79.9
80.1
98.6
98.7
98.1
98.2
98.7
99.1
88.6
88.6
88.6
88.7
95.0
95.1
94.7
94.2
93.9
93.5
93.1
92.8
93.0
103.1
103.1
102.8
102.7
102.5
102.4
102.2
102.2
101.6
89.0
89.0
89.2
89.8
90.4
90.6
90.8
90.9
91.0
91.4
91.9
92.1
92.1
92.1
92.1
103.8
104.0
104.2
104.3
104.4
104.6
104.3
104.1
104.0
103.7
103.5
103.3
103.2
103.0
103.0
102.7
102.4
102.2
101.8
101.4
101.0
101.1
101.4
101.6
101.7
101.6
101.2
100.8
100.5
100.1
100.1
100.3
100.4
100.4
100.3
100.2
100.4
100.8
101.1
101.4
101.5
101.7
101.7
101.8
101.7
102.1
107.3
107.2
107.2
107.2
107.1
106.8
101.5
101.5
101.4
101.3
101.2
101.3
101.3
101.4
101.3
101.1
101.0
101.0
101.1
101.3
101.7
108.3
108.2
107.8
99.8
99.8
99.8
100.1
100.4
100.6
100.7
100.9
101.0
101.1
101.2
101.2
101.2
