26.5
27.1
33.9
43.4
43.7
43.9
44.2
44.6
51.1
51.1
50.5
50.2
50.4
50.4
50.0
50.2
94.8
94.8
94.8
94.8
94.7
94.7
94.6
94.2
94.1
93.9
93.5
93.1
92.5
92.1
92.0
92.1
92.4
92.6
92.8
92.9
92.7
92.7
92.7
92.6
92.7
92.8
93.0
93.0
93.1
93.3
93.4
93.5
93.7
93.9
94.0
94.1
94.3
94.6
94.8
95.1
95.0
95.2
95.3
95.4
95.4
95.3
95.3
95.4
95.3
95.6
95.6
95.6
101.3
101.5
101.4
101.4
101.4
101.5
95.2
95.1
95.2
95.3
95.4
95.5
95.5
95.5
95.4
95.4
84.2
58.0
50.1
50.0
50.0
50.0
50.0
49.8
49.6
49.6
49.6
49.4
49.3
49.3
49.2
49.1
49.1
49.0
49.1
48.9
48.8
