26.3
26.6
27.0
27.4
27.9
37.6
37.6
26.0
26.0
26.0
26.0
26.0
26.0
26.0
26.1
26.1
26.1
26.1
31.6
31.3
31.0
30.8
30.6
30.3
29.8
29.3
28.9
28.6
28.3
28.0
27.8
27.6
27.4
27.3
27.1
27.0
26.9
26.8
26.7
26.7
26.6
26.5
26.5
26.6
26.6
26.6
26.6
26.5
26.6
26.6
26.5
26.5
26.4
26.4
26.3
26.3
26.3
26.3
26.2
26.2
26.2
26.2
26.1
26.2
26.2
26.1
26.1
26.1
26.1
26.1
26.1
26.1
26.1
26.1
26.1
26.0
26.1
26.1
31.6
31.3
31.0
30.8
30.5
29.9
29.4
29.0
28.7
28.3
28.1
27.8
27.6
27.4
27.3
27.1
27.0
26.8
26.8
26.7
26.6
26.5
26.5
26.4
26.4
26.4
26.3
26.4
26.5
26.5
26.5
26.5
26.4
26.4
26.3
26.2
26.2
26.2
26.2
26.1
26.1
26.1
26.1
26.1
26.2
26.2
26.1
26.1
26.1
26.1
26.1
26.1
26.1
26.2
26.2
26.3
26.2
26.2
26.2
26.2
31.4
31.1
30.9
30.7
30.4
30.1
29.6
29.2
28.8
28.4
28.2
27.9
27.6
27.4
27.3
27.2
27.0
26.9
26.8
26.7
26.6
26.5
26.5
26.4
26.3
26.3
26.2
26.3
26.2
26.4
26.5
26.5
26.4
26.4
26.4
26.4
26.4
26.3
26.3
26.3
26.3
26.2
26.2
26.2
26.2
26.2
26.1
26.1
26.0
26.0
26.0
26.0
26.0
26.0
26.0
25.9
25.9
25.9
26.0
26.0
32.0
31.7
31.3
31.0
30.8
30.4
29.9
29.4
29.0
28.6
28.3
28.1
27.8
27.6
27.4
27.3
27.1
26.9
26.8
26.7
26.7
26.6
26.5
26.5
26.4
26.4
26.3
26.3
26.3
26.2
26.2
26.4
26.5
26.5
26.4
26.4
26.4
26.3
26.3
26.2
26.2
26.2
26.2
26.1
26.1
26.1
26.1
26.1
26.1
26.1
26.1
26.0
26.0
26.0
26.0
26.0
26.0
26.0
25.9
25.9
31.4
31.1
30.9
30.6
30.3
29.8
29.3
29.0
28.6
28.3
28.0
27.7
27.5
27.4
27.2
27.1
27.0
26.9
26.8
26.7
26.6
26.5
26.4
26.4
26.4
26.3
26.3
26.2
26.2
26.2
26.1
26.1
26.1
26.3
26.4
26.3
26.4
26.4
26.3
26.3
26.2
26.2
26.2
26.2
26.2
26.2
26.3
26.2
26.2
26.2
26.2
26.2
26.2
26.2
26.1
26.1
26.1
26.1
26.1
26.1
31.4
31.1
30.8
30.6
30.4
30.1
29.6
29.1
28.8
28.4
28.2
27.9
27.6
27.4
27.3
27.2
27.0
26.9
26.8
26.7
26.6
26.6
26.5
26.4
26.4
26.3
26.3
26.3
26.3
26.2
26.2
26.1
26.1
26.1
26.2
26.2
26.3
26.3
26.2
26.3
26.2
26.2
26.2
26.2
26.2
26.2
26.2
26.2
26.1
26.1
26.1
26.1
26.1
26.0
26.1
26.1
26.1
26.1
26.1
26.1
31.4
31.1
30.8
30.6
30.4
30.0
29.5
29.1
28.7
28.4
28.1
27.8
27.6
27.4
27.2
27.1
27.0
26.8
26.8
26.7
26.6
26.5
26.4
26.4
26.3
26.3
26.3
26.2
26.2
26.2
26.2
26.1
26.2
26.1
26.1
26.1
26.2
26.2
26.3
26.3
26.3
26.3
26.3
26.2
26.2
26.2
26.2
26.2
26.5
26.5
26.4
26.4
26.4
26.3
26.2
26.2
26.2
26.1
26.1
26.1
31.2
31.0
30.8
30.5
30.3
30.1
29.5
29.1
28.7
28.4
28.1
27.8
27.6
27.4
27.2
27.0
26.9
26.8
26.7
26.5
26.5
26.4
26.4
26.4
26.3
26.3
26.2
26.1
26.1
26.1
26.0
26.0
26.0
26.0
26.0
25.9
26.0
25.9
25.9
25.9
25.9
25.9
25.8
25.9
25.8
25.9
25.9
25.9
25.9
25.9
25.9
26.0
25.9
25.9
25.9
25.9
25.9
25.9
25.9
25.9
31.2
30.9
30.7
30.4
30.3
29.9
29.5
29.1
28.8
28.4
28.2
27.8
27.6
27.4
27.2
27.0
26.9
26.7
26.7
26.6
26.5
26.4
26.4
26.3
26.2
26.2
26.1
26.1
26.1
26.0
26.0
26.0
26.0
25.9
26.0
26.0
26.0
26.0
26.0
25.9
25.9
25.9
25.9
25.9
25.9
25.9
25.9
25.9
25.9
25.9
25.8
25.9
25.9
25.8
25.8
25.8
25.9
25.8
25.9
25.9
26.5
26.8
27.1
27.3
27.5
27.5
27.3
27.2
27.0
26.9
26.7
26.6
26.5
26.4
26.4
26.4
26.3
26.2
26.2
26.2
26.1
26.1
26.0
26.0
26.0
26.0
26.0
25.9
26.0
26.0
26.0
26.0
26.0
25.9
26.0
26.0
26.0
26.0
26.0
26.0
26.0
25.9
25.9
25.9
25.8
25.9
25.9
25.9
26.0
25.9
26.0
26.0
25.9
26.0
25.9
25.9
25.9
25.9
25.9
25.9
31.4
31.1
30.8
30.6
30.2
29.7
29.2
28.8
28.4
28.0
27.8
27.6
27.4
27.2
27.1
26.9
26.8
26.7
26.5
26.3
26.2
26.2
26.1
26.0
26.0
26.0
26.0
26.0
26.0
26.0
26.0
26.0
26.0
26.0
26.1
26.0
26.0
26.0
26.0
26.0
26.0
26.0
26.0
26.0
26.0
26.0
26.6
27.0
27.2
27.4
27.6
27.7
27.4
27.2
27.1
26.9
26.8
26.7
26.6
26.6
26.5
26.4
26.3
26.3
26.2
26.2
26.2
26.1
26.1
26.0
26.0
26.0
26.0
26.0
26.0
26.0
26.0
25.9
25.9
25.9
25.9
25.9
25.9
25.9
25.9
25.9
25.9
25.9
25.9
25.8
25.8
25.9
25.9
25.8
25.9
25.9
25.9
25.9
25.9
25.9
26.0
26.0
26.0
26.0
25.9
26.0
26.5
26.9
27.2
27.4
27.4
27.2
27.1
26.9
26.8
26.7
26.6
26.5
26.4
26.3
26.3
26.2
26.2
26.1
26.1
26.1
26.0
26.0
26.0
25.9
25.9
25.9
25.9
25.9
25.9
25.9
25.9
25.9
25.9
25.8
25.8
25.8
25.8
25.8
25.8
25.8
25.9
25.8
25.9
25.8
25.9
25.8
25.9
25.9
25.9
25.9
25.9
25.9
25.9
25.9
25.9
25.9
25.8
25.9
25.9
25.9
26.4
26.8
27.1
27.3
27.4
27.2
27.0
26.9
26.8
26.7
26.7
26.5
26.5
26.4
26.4
26.4
26.3
26.2
26.2
26.1
26.1
26.1
26.0
26.0
26.0
26.0
25.9
25.9
25.9
25.9
25.9
25.9
25.9
25.9
25.8
25.8
25.8
25.8
25.8
25.8
25.8
25.9
25.9
25.9
25.9
25.9
25.9
26.0
26.0
26.0
26.0
26.0
26.0
26.0
26.0
26.0
26.0
26.0
26.0
26.0
26.6
27.0
27.2
27.3
27.1
27.0
26.8
26.7
26.7
26.5
26.5
26.4
26.4
26.3
26.3
26.3
26.3
26.3
26.2
26.2
26.2
26.1
26.1
26.1
26.1
26.1
26.0
26.0
26.0
26.1
26.1
26.0
26.0
26.0
26.0
26.0
26.0
25.9
25.9
26.0
25.9
25.9
26.0
25.9
26.0
25.9
25.9
25.9
25.9
25.9
25.9
25.9
26.0
26.0
26.0
26.0
26.0
26.0
26.0
26.0
26.5
26.9
27.1
27.3
27.4
27.2
27.1
27.0
26.9
26.8
26.7
26.6
26.5
26.5
26.4
26.3
26.3
26.3
26.2
26.2
26.1
26.1
26.1
26.1
26.0
26.0
26.0
26.0
26.0
25.9
26.0
25.9
25.9
26.0
36.8
50.3
50.3
50.3
49.9
49.7
49.5
49.5
49.4
49.1
49.0
49.1
49.2
