26.5
26.7
33.0
32.8
32.5
32.3
32.1
31.9
31.4
31.0
30.7
30.4
30.1
29.8
29.7
29.5
29.3
29.1
29.0
28.8
28.7
28.7
28.6
28.5
28.5
28.4
28.4
28.4
28.3
28.3
28.2
28.2
28.2
28.2
28.2
28.3
28.3
28.4
28.3
28.3
28.3
28.3
28.3
28.2
28.2
28.2
28.2
28.1
28.1
28.1
28.1
28.1
28.1
28.1
28.1
28.1
28.1
28.1
28.1
28.1
28.1
28.1
28.7
29.0
29.3
29.5
29.6
29.7
29.8
30.0
30.0
30.1
30.2
30.2
30.2
30.3
30.3
30.4
30.4
30.4
30.5
30.5
30.5
30.5
30.5
30.5
30.5
30.5
30.6
30.5
30.5
30.5
30.5
30.5
30.5
30.5
30.5
30.7
30.8
30.9
30.8
30.9
30.9
30.9
30.8
30.8
30.8
30.8
30.7
30.7
30.7
30.7
30.7
30.6
30.7
30.6
30.6
30.6
30.6
30.6
30.6
30.6
30.9
31.0
31.0
31.0
31.0
30.9
30.9
30.8
30.8
30.8
30.7
30.7
30.7
30.7
30.7
30.6
30.2
30.0
29.7
29.6
29.4
29.2
29.1
28.9
28.8
28.7
28.6
28.6
28.5
28.5
28.5
28.5
28.5
28.4
28.3
28.3
28.3
28.4
28.5
28.5
28.4
28.4
28.5
28.4
28.3
28.3
