27.1
45.1
45.5
46.0
46.5
46.9
47.2
47.5
47.7
53.6
53.6
53.6
53.7
53.6
53.5
53.0
52.6
52.2
51.9
51.6
51.3
51.1
50.9
50.8
50.6
50.5
50.3
50.2
50.1
50.0
49.9
49.7
49.6
49.6
49.5
49.4
49.4
49.3
49.2
49.2
49.1
49.1
49.1
49.1
49.1
49.1
49.0
49.0
49.0
49.0
49.0
49.0
48.9
48.9
49.0
49.0
49.1
49.1
49.1
49.1
49.1
49.1
49.1
49.0
49.0
49.0
49.0
49.0
48.9
49.4
50.0
50.4
50.7
50.9
50.7
50.5
50.4
50.2
50.1
50.0
49.9
49.8
49.7
49.7
49.6
49.5
49.4
49.4
49.4
49.4
49.4
49.3
49.3
49.3
49.3
49.3
49.3
49.2
49.2
49.2
49.2
49.2
49.1
49.1
49.1
49.1
49.1
49.1
49.1
49.1
49.1
49.1
49.1
49.1
49.1
49.2
49.2
49.3
49.4
49.4
49.5
49.5
49.5
49.5
49.6
49.5
49.6
49.5
49.6
50.0
50.5
50.9
51.2
51.4
51.2
51.0
50.8
50.7
50.5
50.4
