26.1
42.0
41.4
34.5
34.3
34.1
34.0
33.9
33.8
33.8
33.7
33.5
33.4
33.4
33.2
33.0
32.8
32.3
31.9
31.6
31.3
31.0
30.7
30.5
30.3
30.1
30.0
29.9
29.8
29.7
29.7
29.6
34.9
34.5
33.9
33.4
33.2
32.9
32.5
32.1
31.9
31.7
31.5
31.2
31.0
30.8
30.7
30.4
30.2
30.1
30.0
29.9
29.8
29.7
29.6
29.5
29.5
29.4
29.4
29.4
29.3
29.3
29.8
30.2
30.3
50.7
50.5
50.0
34.9
34.5
34.1
33.8
33.4
33.1
32.8
32.3
32.0
31.8
31.5
31.3
31.2
31.1
30.9
30.8
30.7
30.5
30.4
30.3
30.2
30.1
30.0
29.9
29.9
29.9
29.9
29.8
29.8
29.8
29.8
29.8
29.6
29.6
29.5
29.4
29.3
29.2
29.1
29.0
29.1
29.1
29.0
29.0
29.1
29.0
28.9
28.9
28.8
28.8
28.8
28.7
28.7
28.7
29.1
29.6
29.9
30.2
30.5
30.6
30.8
30.9
31.0
31.1
31.2
31.2
31.2
31.3
31.4
31.4
31.6
31.3
31.0
30.6
30.4
30.1
29.8
29.5
40.9
46.3
46.1
46.2
37.2
29.9
29.9
29.9
29.9
29.8
29.8
29.7
29.8
29.9
29.9
30.0
30.0
29.9
29.8
29.7
29.6
29.4
29.5
29.4
29.2
29.2
29.2
29.2
29.2
29.1
29.1
29.1
29.2
29.2
29.1
29.1
35.7
36.2
35.7
35.4
35.0
34.7
34.3
34.1
33.9
33.7
33.6
33.4
33.2
32.7
32.2
31.8
31.4
31.1
30.9
30.7
30.5
30.2
30.1
30.0
29.8
29.7
29.7
29.7
29.5
29.6
29.6
29.5
29.4
