25.9
37.8
49.5
49.2
75.5
75.8
75.6
63.2
83.6
50.3
50.3
50.3
70.3
86.7
86.7
86.8
86.9
79.4
85.0
85.2
85.7
74.6
56.1
48.0
47.6
55.5
70.3
85.4
75.7
65.7
87.5
52.4
52.7
53.0
72.1
89.4
88.9
88.7
88.6
81.9
88.4
88.4
88.5
66.9
66.4
33.2
55.3
55.1
81.9
73.8
73.3
73.0
62.8
56.5
49.3
49.8
76.7
84.8
84.9
85.4
85.7
85.1
85.6
86.2
85.9
57.4
51.5
43.4
57.6
68.0
81.9
74.8
63.4
84.2
49.5
49.8
50.0
68.4
88.8
88.6
88.7
88.8
81.5
87.9
88.1
87.7
58.4
57.8
41.6
61.5
69.8
92.3
78.4
60.7
87.1
50.3
64.0
50.3
50.6
78.8
87.1
87.0
87.4
87.6
79.8
89.0
89.1
88.7
59.0
