31.2
81.1
81.1
81.4
81.5
81.5
81.6
81.4
69.2
68.9
68.7
68.6
68.5
68.3
68.1
68.0
67.9
67.8
67.7
67.7
67.6
67.6
67.7
67.6
67.5
67.5
67.5
67.4
67.3
67.4
67.4
67.4
67.4
67.4
67.4
67.4
67.4
67.9
68.5
68.9
69.4
69.7
69.9
69.7
69.4
69.1
69.0
68.8
68.6
68.6
68.4
68.3
68.2
68.1
68.1
68.0
68.0
68.0
67.9
67.9
67.9
67.9
67.8
67.9
67.9
67.9
68.0
68.0
68.0
68.0
68.0
68.0
68.0
68.0
68.0
68.0
68.0
68.0
68.0
68.0
68.0
68.0
68.0
68.0
68.0
68.0
68.1
68.1
68.1
68.1
68.1
68.1
68.1
68.1
68.2
68.2
68.2
68.5
69.0
69.5
69.7
69.8
69.8
69.5
69.1
68.7
68.4
68.4
68.4
68.4
68.3
68.3
68.4
68.5
68.4
68.5
68.5
68.4
68.4
68.4
68.4
68.4
68.4
68.4
68.4
68.4
68.5
68.5
68.5
68.6
68.7
68.6
68.6
68.7
68.6
68.6
68.6
68.6
68.6
68.6
68.6
68.6
68.6
68.6
68.6
68.6
68.6
68.6
68.6
68.6
68.6
68.6
68.6
68.7
68.6
68.6
68.7
69.2
74.4
74.3
74.2
74.2
74.1
68.6
68.6
68.6
68.7
68.6
68.7
68.7
68.7
68.8
68.8
68.8
68.8
68.7
68.8
68.7
68.8
68.8
68.8
68.8
68.8
68.8
68.8
68.8
68.8
68.8
68.8
68.9
68.9
69.0
69.0
69.0
68.9
68.9
69.0
69.0
68.9
68.9
68.9
68.9
69.0
68.9
68.9
68.9
68.9
69.0
69.0
68.9
69.0
68.9
69.0
69.0
69.0
69.0
69.0
69.3
69.9
70.4
70.9
71.3
71.6
71.3
71.1
70.8
70.6
70.5
70.3
70.1
70.0
69.9
69.8
69.7
69.6
69.6
69.5
69.4
69.4
69.4
69.3
69.3
69.3
69.3
69.2
69.2
69.2
69.2
69.2
69.2
69.2
69.2
69.2
69.3
69.3
69.3
69.3
69.3
69.3
69.2
69.3
69.3
69.2
69.2
69.2
69.2
69.2
69.2
69.1
69.2
