26.2
55.5
55.6
55.7
55.7
55.8
55.9
56.0
56.0
56.1
56.2
56.2
56.3
56.3
56.3
56.4
56.5
56.6
56.7
56.6
56.7
56.7
56.7
56.6
56.7
56.7
56.7
57.1
57.2
56.6
56.7
57.2
57.3
57.8
63.0
62.8
62.6
62.6
62.2
61.7
55.3
55.2
55.7
56.1
56.1
50.1
55.5
55.8
55.9
56.0
56.0
56.3
56.1
56.1
56.2
56.3
56.3
56.4
56.4
56.5
56.6
56.7
56.8
57.0
56.8
56.7
56.8
56.8
56.8
56.9
57.3
56.8
56.9
57.0
57.3
57.0
57.5
56.9
56.9
57.2
57.1
57.1
57.2
57.5
57.9
57.7
58.0
58.0
52.2
59.4
58.9
59.1
59.0
64.4
64.4
49.9
58.6
58.9
59.1
59.2
58.9
58.7
58.7
58.5
58.8
58.4
57.8
57.5
57.1
57.1
57.2
56.7
56.9
57.1
57.0
57.4
57.3
57.7
57.8
58.0
58.3
58.2
57.7
58.0
58.3
58.6
58.3
58.6
58.5
58.5
58.6
51.7
52.2
52.6
60.9
60.9
60.7
60.3
59.9
59.8
59.6
59.5
59.0
58.9
58.8
58.8
58.7
58.2
57.8
58.0
57.7
57.2
56.8
64.2
64.1
63.8
64.0
63.9
63.3
62.9
57.6
57.6
57.6
57.6
57.6
57.6
57.5
57.5
57.5
57.5
57.5
57.5
57.4
57.5
57.5
57.5
57.5
57.5
57.5
57.5
57.5
57.5
57.6
57.5
57.5
57.5
57.6
57.6
57.5
57.5
57.5
57.5
57.5
57.5
57.5
57.5
57.5
57.5
57.5
57.5
57.5
57.6
57.6
57.6
57.6
57.6
57.7
57.6
57.6
57.6
57.6
57.6
57.6
63.6
63.4
63.3
63.2
63.1
62.8
57.6
57.5
57.5
57.6
57.6
57.5
57.6
57.5
57.6
57.6
57.6
57.6
57.6
57.6
57.9
57.5
57.5
57.6
58.0
57.9
58.2
57.7
58.2
58.5
58.8
58.3
58.6
58.6
58.4
58.4
58.0
58.1
58.1
58.2
58.5
58.5
58.2
58.2
58.6
58.8
58.6
58.4
58.5
58.4
58.7
58.6
58.0
57.7
58.1
58.3
58.5
57.9
58.3
58.4
63.8
63.8
63.4
63.4
63.5
63.2
58.0
57.9
57.8
57.9
57.9
57.9
57.9
57.4
57.6
57.5
57.7
57.6
57.4
57.6
57.8
57.9
58.0
57.9
