33.4
45.5
45.5
45.5
45.5
45.5
45.5
45.5
45.5
45.5
45.5
45.5
45.5
45.5
45.6
45.5
45.5
45.5
45.6
45.6
45.6
45.6
45.6
45.6
45.6
45.6
45.6
45.6
45.5
45.6
45.6
45.6
45.6
45.6
45.6
45.6
45.6
45.6
45.6
45.6
45.6
45.6
45.6
45.6
45.6
45.5
45.6
45.6
51.1
50.9
50.7
50.5
50.3
49.9
49.5
49.0
48.7
48.3
47.9
47.7
47.5
47.3
47.1
46.9
46.7
46.6
46.5
46.4
46.3
46.3
46.2
46.2
46.1
46.1
46.0
46.0
46.0
46.0
46.0
45.9
45.9
45.9
45.9
45.9
45.9
45.9
45.9
45.9
45.9
45.9
45.9
45.9
45.9
45.9
45.9
45.9
45.9
45.9
45.9
45.9
45.9
45.9
45.9
45.9
45.9
45.9
45.9
45.9
51.5
51.2
51.0
50.9
50.7
50.3
49.7
49.3
