43.0
55.9
55.9
55.9
55.9
55.9
56.0
56.0
56.1
56.2
56.3
56.3
56.3
56.3
56.2
56.3
56.3
56.2
56.2
56.2
56.2
56.2
56.3
56.3
56.3
56.3
56.2
56.2
56.2
56.1
56.1
56.1
56.1
56.6
57.2
57.6
58.0
58.4
58.6
58.3
58.0
57.8
57.5
57.4
57.2
57.1
56.9
56.8
56.7
56.7
56.7
56.8
56.7
56.6
56.6
56.5
56.5
56.4
56.4
56.3
56.3
56.2
56.2
56.3
56.3
56.4
56.4
56.3
56.3
56.3
56.2
56.2
56.3
56.4
56.3
56.3
56.3
56.4
56.4
56.4
56.4
56.4
56.3
56.3
56.2
56.3
56.3
56.3
56.2
56.2
56.2
56.3
56.3
61.5
61.4
61.3
61.2
60.9
60.3
59.8
59.4
59.0
58.6
58.3
58.1
57.9
57.8
57.7
57.5
57.4
57.2
57.1
57.0
56.8
56.8
56.7
56.6
56.6
56.6
56.7
56.7
56.7
56.6
56.6
56.5
56.5
56.4
56.4
56.4
56.3
56.3
56.3
56.3
56.4
56.5
56.6
56.6
56.5
