33.6
33.8
34.3
34.2
34.3
34.3
34.3
34.2
34.2
34.3
34.1
34.3
34.0
34.1
33.9
34.0
34.0
33.9
34.0
33.8
34.0
33.8
33.9
33.9
33.8
33.6
33.7
33.7
33.7
33.8
33.6
33.8
33.8
33.8
33.7
33.8
33.9
33.7
33.5
33.7
33.4
33.6
33.4
33.6
33.5
33.6
33.8
33.6
33.8
33.5
33.7
33.5
33.7
33.7
33.6
33.7
33.6
39.7
39.2
39.0
38.5
38.4
38.2
38.0
37.5
37.5
37.4
37.4
37.2
37.2
37.0
37.1
36.8
36.9
36.7
36.8
36.8
36.6
36.5
36.6
36.7
36.1
36.0
35.5
35.4
35.0
35.0
34.7
34.7
34.5
34.4
34.5
34.1
34.3
34.0
34.0
33.8
33.9
33.7
33.5
33.6
33.6
33.5
33.7
33.5
33.5
33.4
33.6
33.4
33.7
33.5
33.6
33.4
33.6
33.5
33.6
34.0
34.6
34.7
35.0
35.1
35.2
35.3
35.4
35.7
35.5
35.8
35.6
36.0
35.9
36.2
35.9
36.2
36.1
36.2
36.1
36.2
36.2
36.1
36.2
36.1
36.1
36.2
36.4
36.1
36.3
36.1
36.3
36.1
36.2
36.0
36.3
36.1
36.2
36.3
36.2
36.1
35.6
35.5
35.1
35.0
34.7
34.7
34.3
34.4
34.1
34.2
34.1
34.0
34.1
33.8
33.9
33.7
33.8
33.6
33.7
34.2
34.6
34.9
34.9
34.9
35.2
35.2
35.4
35.3
35.6
35.5
35.7
35.6
35.9
36.0
36.1
36.2
36.1
