25.8
25.7
25.8
25.9
26.0
26.0
26.0
26.1
26.1
26.1
26.7
47.2
53.4
53.1
52.8
52.7
52.5
52.0
51.5
51.0
43.2
26.2
26.1
26.1
26.0
26.0
26.0
25.9
25.9
25.9
25.9
43.8
44.2
44.6
45.0
45.3
45.6
45.9
46.1
46.2
46.4
30.3
29.7
29.2
28.7
28.4
28.1
27.8
27.5
27.3
27.1
36.6
47.4
47.4
47.4
47.4
47.5
47.5
47.5
47.5
47.5
37.4
26.0
26.0
25.9
26.0
26.2
26.2
26.1
26.1
26.1
26.6
53.2
52.9
52.7
52.5
52.0
51.5
51.0
50.6
50.2
43.4
26.6
26.4
26.4
26.3
26.3
26.2
26.2
26.1
26.1
26.0
42.8
43.3
43.8
44.3
44.7
45.0
45.3
45.6
45.8
46.0
30.7
30.1
29.5
29.1
28.7
28.3
28.0
27.7
27.5
27.3
35.3
47.2
47.2
47.2
47.2
47.3
47.3
47.3
47.3
