26.6
32.6
87.1
95.6
95.6
95.6
95.7
95.8
95.9
96.0
96.0
96.1
96.2
96.3
96.4
96.5
96.6
96.7
96.7
96.8
96.8
104.0
104.0
104.0
104.1
103.8
97.5
97.4
97.4
97.4
97.4
97.4
97.4
97.4
97.3
97.3
97.3
97.3
97.3
97.3
97.3
97.3
97.3
97.3
97.3
97.3
97.3
97.3
97.4
97.4
97.3
97.3
97.4
97.4
97.4
97.4
97.4
97.4
97.4
97.4
97.3
97.3
97.3
97.3
97.4
97.4
97.3
97.3
97.3
97.4
97.4
97.4
97.4
97.3
97.4
97.3
97.4
97.3
97.4
97.4
97.4
104.4
104.4
104.4
104.4
104.1
97.5
97.5
97.5
97.5
97.5
97.5
97.4
97.5
97.5
97.5
97.4
97.4
97.4
97.4
97.4
97.5
97.5
97.5
97.5
97.5
97.5
97.5
97.5
97.4
97.4
97.4
97.4
97.5
97.4
97.4
97.4
