32.8
45.5
45.4
45.3
45.3
45.2
45.2
45.2
45.2
45.1
45.1
45.0
45.0
45.0
45.0
45.0
44.9
44.9
44.9
44.9
44.9
44.9
44.9
44.9
44.9
44.8
44.8
44.9
44.8
44.8
44.8
44.8
44.8
44.8
44.8
44.9
44.8
44.8
44.8
44.9
44.8
44.8
44.8
44.8
44.8
44.8
44.8
44.8
44.8
44.8
44.8
44.8
44.8
44.8
44.8
44.9
50.3
50.1
49.9
49.8
49.3
48.7
48.3
47.8
47.5
47.1
46.8
46.6
46.4
46.2
46.0
45.9
45.7
45.6
45.5
45.4
45.3
45.2
45.2
45.1
45.1
45.0
45.0
44.9
44.9
44.9
44.9
44.8
44.8
44.9
44.8
44.8
44.8
44.8
44.8
44.8
44.8
44.7
44.7
44.7
44.7
44.8
44.7
44.7
44.7
44.8
44.7
44.8
44.8
44.7
44.8
44.8
44.7
44.7
44.7
44.8
50.3
50.0
49.8
49.7
49.6
49.1
48.6
48.1
47.8
47.4
47.1
46.8
46.5
46.3
46.1
45.9
45.8
45.7
45.5
45.5
45.4
45.3
45.2
45.2
45.1
45.0
45.0
45.0
45.0
44.9
44.9
44.9
44.9
44.9
44.9
44.9
44.9
44.9
44.8
44.8
44.8
44.8
44.8
44.8
44.9
44.9
44.8
44.8
44.8
44.8
44.8
44.8
44.8
44.8
44.8
44.8
44.8
44.8
