62.8
62.4
86.5
54.5
76.7
69.2
58.4
87.9
56.5
70.1
76.1
56.1
86.1
60.3
60.8
78.2
56.9
83.8
64.4
63.8
87.5
56.7
80.0
79.8
64.0
93.4
62.8
70.7
80.7
57.8
80.5
66.3
58.0
80.7
56.3
81.5
64.0
63.5
86.3
58.8
74.2
73.8
58.8
87.7
56.1
69.0
78.4
58.4
82.5
64.2
63.6
82.3
58.2
78.6
69.8
56.9
88.8
57.4
71.3
78.0
50.5
88.6
57.8
69.2
78.2
57.6
84.0
62.6
62.5
75.3
58.4
86.1
60.1
60.7
83.0
59.2
78.4
68.2
60.7
88.8
58.4
70.3
80.9
60.9
95.6
65.1
71.9
80.7
59.4
84.0
60.9
61.3
78.2
59.2
83.2
62.1
62.1
85.4
55.7
79.6
68.4
61.1
88.8
59.4
68.4
78.8
59.7
82.3
63.6
63.4
82.7
59.0
79.0
66.1
59.2
89.0
58.8
72.6
72.9
56.3
87.9
60.5
61.1
83.0
57.6
80.2
67.8
57.6
88.2
54.0
78.0
65.3
59.9
87.9
54.2
78.0
65.3
59.7
87.1
57.8
77.3
65.9
65.8
95.2
66.1
77.3
82.5
60.1
88.4
60.1
65.7
82.5
56.9
81.1
63.2
62.9
82.7
58.6
78.6
70.1
56.1
88.8
57.2
72.6
72.8
57.8
86.9
59.2
65.7
82.3
58.2
80.0
67.8
58.2
88.8
58.8
71.5
71.7
59.0
87.1
60.3
60.8
70.9
59.0
88.2
56.1
69.2
79.8
54.5
85.9
57.8
66.7
75.0
59.4
85.4
60.5
60.9
77.5
57.8
84.2
62.6
62.6
90.0
60.3
87.9
71.5
64.0
86.5
59.4
78.2
66.5
58.0
89.0
58.8
72.1
72.3
58.6
86.3
57.2
67.8
80.2
60.7
79.0
62.8
62.6
84.0
58.8
76.7
76.1
55.5
88.6
58.6
69.8
69.8
58.6
88.8
58.4
68.6
69.2
54.0
88.6
57.2
70.9
71.5
57.8
86.3
60.9
61.2
80.9
59.0
80.0
65.9
58.8
84.8
53.6
81.5
66.1
59.0
88.8
52.4
78.2
68.6
68.1
95.9
61.9
79.2
79.3
65.3
85.4
62.4
62.4
80.9
58.8
80.9
68.4
58.8
89.0
53.6
75.9
75.7
56.5
88.6
59.0
67.4
79.0
57.8
83.4
63.6
63.3
84.4
56.7
79.0
64.4
63.8
87.9
60.3
72.1
72.1
56.3
88.8
55.3
72.6
72.8
58.0
87.1
60.3
60.9
79.2
59.0
81.7
64.9
64.3
84.6
57.4
78.0
70.1
58.6
88.8
56.5
70.7
77.1
55.5
93.4
66.3
66.9
88.2
63.8
85.0
63.8
63.5
82.5
57.8
80.0
65.1
64.4
80.7
55.5
83.8
64.4
63.9
87.5
57.4
75.3
65.1
59.4
87.7
58.2
73.8
73.9
54.2
88.6
58.4
68.6
74.0
58.6
86.7
59.4
65.5
81.7
58.6
79.8
66.7
58.6
88.8
52.6
78.4
69.0
56.7
88.8
58.0
72.3
72.2
56.3
88.8
52.4
74.6
74.2
58.2
88.6
58.2
68.0
79.2
64.0
89.0
70.3
69.7
91.1
61.9
78.8
69.4
55.7
84.0
58.6
77.5
69.6
55.5
88.6
54.0
77.1
70.7
54.5
88.8
56.1
74.4
74.2
56.1
88.8
55.3
71.5
71.7
53.2
88.6
58.4
70.9
71.1
54.2
88.4
55.3
73.4
73.0
55.1
88.6
58.8
71.3
71.4
58.8
87.9
57.4
68.0
78.2
54.5
86.7
56.1
68.8
79.0
59.9
81.9
61.9
62.0
81.9
55.5
83.0
71.3
65.9
91.5
59.9
85.9
65.7
65.3
82.1
58.6
80.0
61.7
61.9
78.0
59.2
83.2
60.7
61.1
80.0
57.2
83.2
60.1
60.7
80.2
59.0
81.3
67.6
59.2
89.0
57.8
72.8
72.8
58.6
87.7
59.0
66.7
80.9
84.4
64.4
63.9
88.4
56.3
75.1
88.8
70.9
71.3
