26.8
50.3
50.3
49.9
50.2
50.5
50.5
50.7
50.7
50.5
49.9
49.9
49.9
49.7
49.6
62.1
96.3
96.1
95.9
95.8
95.7
95.6
95.6
95.6
95.5
95.5
95.5
95.5
95.5
95.6
95.6
95.6
95.7
95.7
95.7
95.8
95.8
95.8
95.8
95.8
95.8
95.8
95.8
95.8
95.8
95.9
95.9
95.9
95.9
95.9
96.0
95.9
96.0
96.0
96.0
96.0
96.0
96.0
96.0
96.0
96.1
96.1
96.1
96.1
96.1
96.1
96.1
96.1
96.1
96.1
96.1
103.1
103.0
103.0
103.0
103.0
102.6
96.5
96.4
96.4
96.4
96.4
96.4
96.4
96.4
96.3
96.4
96.3
96.4
96.3
96.3
96.3
96.3
96.4
96.4
96.4
96.4
96.4
96.4
96.3
96.3
96.3
96.3
96.3
96.4
96.4
96.4
96.4
96.4
96.5
96.5
96.4
96.4
96.4
96.4
96.4
96.4
96.4
96.4
96.5
96.5
96.5
96.5
96.5
96.5
96.5
96.5
96.5
96.5
96.5
96.5
103.8
103.7
103.6
103.6
103.5
103.1
96.5
96.5
96.5
96.5
96.5
96.6
96.5
96.5
96.6
96.5
96.6
