27.4
45.1
45.2
45.3
45.3
45.5
78.2
92.1
80.7
81.1
92.7
92.7
92.7
92.7
92.8
92.9
92.9
93.0
93.0
93.1
93.1
93.2
93.2
93.3
93.3
93.4
93.4
93.6
93.6
93.7
93.8
93.8
93.9
93.9
94.0
94.0
94.1
94.2
94.2
94.3
94.3
94.4
94.5
94.5
94.6
94.7
94.8
94.8
94.9
95.0
95.1
95.2
95.6
102.7
102.6
102.6
102.6
102.6
96.5
96.4
96.4
96.5
96.5
96.5
96.1
96.1
96.2
96.2
96.3
96.3
96.4
96.5
96.5
96.6
96.7
96.8
96.8
96.8
96.9
96.8
96.8
96.9
96.9
97.0
97.0
97.0
97.1
97.0
97.1
97.1
97.1
97.1
97.2
97.2
97.3
97.3
97.3
97.2
97.2
97.2
97.3
97.2
97.2
97.2
97.3
97.3
97.4
97.4
97.4
97.5
97.5
97.5
97.9
106.5
106.2
106.0
105.8
105.6
97.9
97.8
97.7
97.7
97.6
97.6
97.1
97.1
97.2
97.2
97.3
97.3
97.3
97.4
97.4
97.4
97.4
97.4
97.4
97.4
97.4
97.4
97.5
97.5
97.4
97.4
97.4
97.5
97.6
97.6
97.7
97.6
97.7
97.8
97.8
97.9
98.0
97.9
98.0
98.0
98.0
98.1
98.1
98.0
98.1
98.1
98.1
98.1
98.1
98.1
98.2
98.2
98.2
98.2
98.7
106.9
106.7
106.5
106.4
106.3
98.3
98.3
98.2
98.2
98.2
98.2
97.9
97.9
97.9
98.0
98.0
98.0
98.0
98.0
98.0
98.1
98.1
98.2
98.2
98.2
98.2
98.2
98.3
98.3
98.4
98.3
98.3
98.3
98.4
98.5
98.4
98.4
98.4
98.4
98.3
98.4
98.3
98.3
98.4
98.5
98.4
98.4
98.4
98.5
98.6
98.6
98.6
98.6
98.6
98.6
98.6
98.7
98.7
98.6
99.1
106.9
106.7
106.6
106.5
106.3
99.0
98.9
98.9
98.8
98.8
98.8
98.8
98.8
98.8
98.7
98.7
98.6
98.5
98.5
98.6
98.6
98.5
98.6
98.5
98.6
98.5
98.5
98.6
98.6
98.6
98.5
98.5
98.5
98.5
98.5
98.5
98.6
98.5
98.5
98.5
98.5
98.4
98.5
98.5
98.5
98.5
98.4
98.4
98.4
98.5
98.5
98.4
98.4
98.5
98.6
98.6
98.6
98.6
98.6
99.1
107.1
107.0
106.8
106.7
106.6
98.1
98.1
98.3
98.3
98.4
98.4
98.4
98.5
98.5
98.5
98.5
98.7
92.7
93.2
99.2
99.1
99.1
99.1
99.1
99.0
99.0
99.0
99.0
99.0
99.0
99.0
99.0
99.0
99.0
99.0
98.9
98.9
98.9
98.9
99.0
99.0
99.0
99.0
98.9
99.0
99.0
99.0
99.0
98.9
99.0
98.6
98.0
98.2
98.2
98.3
98.4
98.5
98.5
98.6
98.9
105.8
105.8
105.9
105.9
105.9
99.6
99.4
99.4
99.3
99.3
99.2
99.2
99.2
99.1
99.2
99.1
99.0
99.1
98.7
98.8
98.8
98.8
98.8
98.9
98.9
98.9
98.9
98.9
99.0
99.1
99.1
99.0
99.1
99.0
98.9
98.9
98.9
98.9
98.9
99.0
99.0
99.0
99.0
99.0
99.1
99.1
99.1
99.0
99.1
99.1
99.1
99.1
99.1
99.1
99.0
98.5
98.6
98.6
98.7
99.3
106.9
106.8
106.8
106.7
106.6
99.0
99.0
99.0
99.0
99.0
99.1
99.0
99.0
99.0
98.9
98.9
98.9
98.9
98.9
98.9
98.9
98.9
98.9
98.9
98.9
98.9
98.9
98.9
98.9
98.9
99.0
99.0
98.9
98.8
98.8
98.9
98.9
98.9
98.9
99.0
99.0
99.0
98.9
99.0
99.0
98.9
98.9
98.9
99.0
98.9
98.9
98.9
98.9
99.0
98.9
98.9
98.9
98.9
99.0
99.3
104.6
104.8
105.0
105.2
105.4
99.2
99.2
99.2
99.1
99.1
99.1
99.1
99.1
99.2
99.1
99.1
99.1
99.2
99.2
99.1
99.1
99.1
99.2
99.2
99.1
99.1
99.1
99.2
99.3
99.2
99.2
99.2
99.2
99.1
99.1
99.1
99.1
99.1
99.1
99.2
99.2
99.2
99.2
99.2
99.2
99.2
99.2
99.1
99.2
99.1
99.2
99.2
99.2
99.2
99.1
98.6
98.5
98.6
98.7
99.1
106.3
106.2
106.3
106.0
99.4
99.4
99.3
99.4
99.4
99.4
99.4
99.4
99.4
99.5
99.4
99.4
99.4
99.4
99.4
99.3
99.3
99.2
99.2
99.2
99.2
99.2
99.2
99.1
99.1
99.1
99.0
99.0
99.0
99.0
99.0
99.0
99.0
99.0
99.1
99.1
99.1
99.1
99.1
99.0
99.0
99.0
99.1
99.2
99.2
99.2
99.1
99.1
99.0
99.0
99.0
99.0
99.0
99.0
99.0
99.4
106.3
106.3
106.3
106.3
106.3
99.0
99.0
99.0
99.0
99.0
99.0
99.0
99.1
99.1
99.1
99.1
99.0
99.1
99.1
99.1
99.2
99.2
99.2
99.2
99.3
99.2
99.2
99.2
99.2
99.2
99.2
99.2
99.2
99.2
99.2
99.2
99.3
99.3
99.3
99.2
99.2
99.3
99.3
99.2
99.2
99.2
99.3
99.3
99.3
99.3
99.2
99.2
99.3
99.3
99.3
99.3
99.2
99.3
99.2
99.7
105.8
105.8
106.0
106.1
106.1
99.4
99.4
99.4
99.4
99.4
99.3
99.3
99.2
99.2
99.3
99.3
99.3
99.3
99.3
99.0
99.1
99.1
99.1
99.1
99.1
99.2
99.2
99.2
99.2
99.2
99.3
99.3
99.2
99.2
99.2
99.2
99.3
99.3
99.3
99.2
99.2
99.3
99.2
99.2
99.2
99.2
99.1
99.1
99.1
99.2
99.1
99.1
99.1
99.1
99.1
99.1
99.1
99.1
99.1
99.5
106.5
106.4
106.4
106.5
106.4
99.2
99.2
99.1
99.2
99.2
92.5
99.6
99.4
99.4
99.4
99.4
99.4
99.3
99.3
99.3
99.2
99.2
99.2
99.2
99.2
99.2
99.2
99.2
99.1
99.1
99.1
99.2
99.2
99.2
99.2
99.2
99.3
99.3
99.3
99.3
99.3
99.3
99.3
99.4
99.3
99.3
99.3
99.3
99.3
99.3
99.3
99.3
99.2
99.3
90.4
98.8
98.8
98.8
98.8
99.3
106.0
106.0
106.1
106.1
106.1
99.8
99.7
99.7
99.6
99.5
99.4
99.4
99.3
99.3
99.3
99.4
99.4
99.4
99.4
99.4
106.9
106.9
106.6
99.0
99.0
99.0
99.2
99.1
99.1
99.2
99.2
99.2
99.2
99.2
99.2
99.2
99.2
99.3
99.2
99.2
99.2
99.2
99.2
99.3
99.2
99.3
99.3
99.3
99.3
99.3
99.3
99.3
99.3
99.3
99.3
99.3
99.2
99.3
99.2
99.8
107.7
107.5
107.4
107.3
107.2
99.4
99.4
99.3
99.4
99.4
99.4
99.4
99.3
99.3
99.3
99.3
99.3
99.3
99.3
99.3
99.4
99.2
99.2
99.2
99.3
99.3
99.3
99.3
99.3
99.3
99.3
99.3
99.3
99.3
99.3
99.2
99.2
99.3
99.3
99.3
99.3
99.3
99.3
99.2
99.2
99.3
99.3
99.3
99.3
98.8
98.9
99.0
99.0
99.0
99.1
99.1
99.1
99.1
99.2
99.5
107.3
107.2
107.1
107.0
106.9
99.6
94.2
99.4
99.3
99.4
99.4
99.4
99.4
99.4
99.4
99.4
99.4
99.3
99.4
99.5
99.4
99.4
99.3
99.4
99.3
99.3
99.3
99.2
99.2
99.3
99.3
99.2
99.2
99.3
99.3
99.3
99.4
99.3
99.3
99.3
99.3
99.3
99.3
99.3
99.2
99.2
99.0
99.1
99.1
99.1
99.1
99.2
99.3
99.3
99.3
99.2
99.3
99.2
99.2
99.5
106.5
106.5
106.6
106.6
106.6
99.6
99.6
99.5
99.5
99.5
99.5
99.5
99.5
99.5
99.5
99.5
99.5
99.5
99.4
99.4
99.4
99.4
99.4
99.4
99.4
99.4
99.5
99.5
99.4
99.5
99.5
99.5
99.5
99.4
99.4
99.5
99.5
99.4
99.4
99.4
99.4
99.4
99.4
99.4
99.4
99.4
99.5
99.4
99.4
99.4
99.4
99.5
99.4
99.4
99.4
99.4
99.3
99.4
99.4
99.7
107.1
107.1
107.0
107.0
106.9
99.8
99.8
99.8
99.8
99.8
99.7
99.7
99.7
99.7
99.6
99.6
99.5
99.5
99.5
99.5
99.5
99.5
99.5
99.4
99.4
99.4
99.4
99.5
99.5
99.5
99.6
99.6
99.6
99.6
99.5
99.4
99.5
99.5
99.5
99.6
99.6
99.6
99.6
99.6
99.6
99.6
99.6
99.7
99.6
99.6
99.6
99.5
99.6
99.5
99.5
99.5
99.5
99.5
99.5
99.8
106.9
106.8
106.8
106.3
99.6
99.6
99.6
99.6
99.7
99.7
99.7
99.6
99.5
99.6
99.6
99.6
99.5
99.4
99.5
99.5
99.5
99.5
99.4
99.4
99.5
99.4
99.5
99.5
99.5
99.5
99.6
99.6
99.6
99.6
99.7
99.6
99.7
99.7
99.7
99.6
99.6
99.6
99.5
99.5
99.6
99.5
99.5
99.3
99.4
99.4
99.4
99.4
99.4
99.4
99.4
99.4
99.4
99.4
99.4
99.9
106.9
106.9
106.8
106.9
106.7
99.8
99.8
99.7
99.7
99.8
99.7
99.7
99.8
99.7
99.8
99.7
99.7
99.7
99.7
99.7
99.7
99.7
99.7
99.7
99.6
99.7
99.6
99.7
99.6
99.6
99.6
99.7
99.6
99.6
99.7
99.7
99.6
99.6
99.6
99.6
99.6
99.5
99.6
99.6
99.6
99.6
99.6
99.6
99.6
99.6
99.5
99.5
99.5
99.5
99.5
99.5
99.5
99.6
99.5
99.8
107.1
106.7
99.8
99.7
99.5
99.4
99.4
99.4
99.4
99.4
99.4
99.4
99.4
99.3
99.3
99.3
99.3
99.4
99.3
99.4
99.4
99.4
99.4
99.4
99.4
99.4
99.4
99.5
99.4
99.4
99.4
99.5
99.5
99.5
99.6
99.5
99.5
99.5
99.4
99.4
99.4
99.4
99.3
99.3
99.3
99.3
99.3
99.2
99.3
99.3
99.3
99.3
99.3
99.3
99.3
99.3
99.3
99.3
99.3
98.9
106.5
106.5
106.5
106.6
106.4
99.2
99.2
84.8
34.1
33.6
33.2
32.8
32.4
32.2
31.9
31.7
31.5
31.5
31.5
31.5
31.3
31.2
31.1
31.0
31.2
31.3
39.1
30.9
31.0
31.3
31.4
31.5
31.5
31.4
31.7
32.0
32.1
32.0
42.8
48.6
48.6
48.8
49.0
49.4
49.3
49.0
49.0
49.2
49.5
49.9
49.9
49.8
38.8
50.7
50.7
50.8
50.9
50.6
77.5
68.0
53.6
37.4
37.0
36.8
36.7
36.6
36.4
36.8
36.8
36.5
36.3
36.6
36.2
35.8
35.4
35.3
35.0
34.7
34.2
33.6
33.2
32.6
32.3
31.9
32.5
44.7
44.8
33.6
33.0
32.6
32.3
31.9
31.7
31.4
31.3
31.2
31.1
30.9
30.8
31.1
31.0
31.1
31.0
30.9
30.8
36.6
30.7
30.7
30.6
30.8
30.7
30.8
30.7
30.6
30.6
30.5
30.5
30.5
30.4
30.9
31.3
31.5
31.8
32.1
32.2
32.3
32.4
32.7
32.5
44.3
93.6
93.7
93.9
93.9
94.1
94.4
94.7
94.9
95.1
95.4
95.6
95.8
95.9
96.1
96.2
96.3
96.5
96.6
96.7
96.8
96.8
96.9
97.0
97.0
97.1
97.2
97.3
97.4
97.5
97.5
97.5
97.7
97.8
97.8
97.8
97.8
97.7
97.7
97.8
97.8
97.9
97.9
97.8
97.8
97.7
97.8
97.9
97.9
105.8
105.7
105.7
105.7
105.7
105.3
98.8
92.7
93.7
94.3
94.9
wattsup: [error] Reading final time stamp: Bad address
96.4
96.8
97.2
97.4
97.5
97.6
97.7
97.9
98.0
97.7
97.7
97.8
97.9
98.0
98.0
98.1
98.2
98.2
98.3
98.2
98.3
98.4
98.4
98.5
98.5
98.6
98.6
98.7
98.7
98.7
98.5
98.4
98.4
98.5
98.5
98.5
98.4
98.4
106.7
106.6
106.5
106.2
106.2
105.7
99.0
99.0
92.9
93.4
93.9
94.4
95.0
95.4
95.7
96.0
96.2
96.5
96.7
96.4
96.0
96.2
96.5
96.7
97.0
97.2
97.5
97.7
97.8
98.0
57.2
37.4
37.6
38.2
49.0
38.8
38.7
38.4
38.6
38.0
37.8
38.1
37.9
38.2
44.9
33.0
33.4
33.8
33.6
33.4
33.0
32.8
32.6
32.3
32.1
31.9
31.9
31.7
31.5
31.5
31.7
31.9
32.2
32.3
41.8
41.6
41.5
41.1
40.9
41.0
40.8
40.8
40.8
40.4
40.5
40.6
40.8
40.6
40.4
35.3
35.3
35.6
41.8
36.6
37.0
37.0
37.2
37.4
37.4
37.7
37.2
36.8
36.5
36.2
36.2
35.9
35.7
35.3
35.1
34.9
34.5
34.0
34.2
33.8
33.5
33.3
32.9
32.7
32.4
32.3
32.0
40.9
40.4
40.2
34.5
34.4
34.7
34.9
35.3
35.1
35.6
35.9
36.1
36.6
42.0
41.8
41.5
35.3
35.6
43.2
42.7
42.3
41.9
34.1
34.4
34.9
41.3
40.8
34.5
34.4
34.3
34.2
34.0
33.8
34.1
34.0
33.9
33.9
34.2
34.1
34.0
34.0
33.9
33.8
33.7
33.9
39.9
39.6
39.8
39.5
39.6
39.7
39.4
38.8
45.3
44.7
36.1
