32.4
32.0
31.3
26.0
25.9
25.9
25.8
25.8
25.9
25.8
25.8
42.0
42.1
42.3
42.4
42.5
42.6
42.7
42.7
42.8
42.9
27.8
27.5
27.3
27.1
26.9
26.8
26.6
26.5
26.4
26.4
36.8
43.2
43.2
43.2
43.2
43.2
43.2
43.2
43.2
43.3
33.0
26.0
25.9
25.9
25.9
25.8
25.9
25.8
25.8
25.9
31.2
43.4
43.4
43.4
43.4
43.5
43.5
49.3
49.0
48.9
43.0
27.4
27.1
27.0
26.8
26.7
26.6
26.5
26.4
26.3
26.3
39.9
40.3
40.7
41.0
41.3
41.5
41.8
42.0
42.1
42.3
29.5
29.0
28.6
28.3
27.9
27.7
27.5
27.3
27.2
27.0
35.3
43.4
43.4
43.4
43.4
43.4
43.4
43.3
43.3
43.3
34.7
25.5
25.5
25.5
25.5
25.5
25.6
25.6
25.6
25.6
26.1
43.4
43.3
43.3
43.4
43.4
49.7
49.4
49.1
