26.8
42.8
65.5
78.8
78.8
94.0
82.7
63.6
63.8
97.3
96.8
96.9
74.4
62.4
62.1
62.0
82.1
97.9
98.0
98.1
90.2
61.9
77.1
61.5
77.3
29.5
59.0
47.4
46.9
46.9
47.1
47.6
54.2
53.7
48.4
48.9
49.5
49.9
37.4
37.8
49.3
49.3
49.2
49.2
49.3
49.0
49.1
49.1
49.0
49.0
48.9
31.8
46.5
46.8
47.0
47.3
47.6
60.1
93.1
93.2
93.3
93.6
93.8
94.0
94.1
94.2
94.4
94.6
94.8
95.0
95.1
95.3
95.4
95.5
95.5
95.6
95.5
95.7
95.7
95.9
95.9
95.9
96.0
96.1
96.1
96.1
96.3
96.3
96.3
96.3
96.2
96.6
106.7
106.3
105.9
105.6
105.4
96.1
96.1
96.3
96.3
96.4
96.4
96.4
96.4
96.4
96.4
96.4
96.4
96.4
96.3
96.4
96.4
96.4
96.4
96.5
96.6
96.6
96.6
96.7
96.6
96.7
96.6
96.7
96.7
96.7
96.6
88.8
56.9
50.7
58.0
51.5
51.4
51.6
87.9
78.0
95.2
95.2
95.2
95.4
95.5
95.6
