26.3
33.6
42.0
30.7
30.6
30.7
30.6
30.7
30.7
30.6
30.7
30.6
30.5
30.5
30.8
31.2
31.4
31.6
31.7
31.9
32.0
32.1
31.9
31.7
31.5
31.3
31.2
31.1
31.0
30.9
30.8
30.8
30.7
30.6
30.6
30.6
30.5
30.5
30.5
30.5
30.5
30.5
30.4
30.2
30.1
29.9
29.7
29.7
29.6
29.5
29.4
29.3
29.2
29.2
29.2
29.3
29.3
29.4
29.4
29.4
29.4
29.3
29.9
30.4
30.4
30.4
30.3
30.2
30.1
30.1
30.1
30.0
30.0
29.9
30.3
30.8
30.9
31.1
31.2
31.3
31.4
31.5
31.6
31.7
31.7
31.8
31.8
31.9
31.9
31.9
31.9
32.0
32.0
32.0
32.1
32.1
31.7
31.5
31.2
31.1
30.9
30.7
30.6
30.5
30.3
30.0
29.8
29.7
29.6
29.5
29.3
29.3
29.2
29.1
29.1
29.1
29.1
29.2
29.2
29.3
29.3
29.2
29.2
29.3
29.6
47.8
47.7
47.5
47.3
47.1
38.4
30.7
30.6
30.6
31.0
31.4
31.8
32.1
32.5
32.8
33.1
33.1
33.0
33.2
33.5
33.6
33.5
33.6
33.7
33.9
34.0
34.1
34.1
33.8
33.6
33.7
33.7
33.9
34.0
34.0
34.1
34.0
34.0
34.2
34.3
34.4
34.5
34.5
34.5
34.6
34.6
34.6
34.6
34.6
34.6
34.6
34.6
34.6
34.6
34.7
34.5
34.5
34.3
34.3
34.2
34.2
34.1
33.8
33.9
33.9
33.8
33.8
33.9
34.0
34.2
34.4
34.2
34.2
33.9
33.8
33.9
33.9
33.8
33.7
33.8
33.9
33.9
34.0
34.1
33.7
33.3
32.9
32.7
32.5
32.4
32.0
31.7
31.3
31.1
30.9
30.7
30.5
30.4
30.3
30.2
30.1
30.1
30.0
30.0
29.9
29.9
29.8
29.8
29.8
29.9
30.0
30.0
30.1
30.2
30.3
30.2
30.2
30.1
30.2
30.1
30.1
30.2
30.3
30.2
30.2
30.2
30.1
30.2
30.3
30.7
31.1
31.4
31.5
31.6
31.6
31.7
31.9
32.0
32.2
32.3
32.3
32.2
32.2
32.2
32.2
32.2
32.0
31.7
31.4
31.2
31.0
30.8
30.6
30.5
30.3
30.2
30.1
30.1
30.0
29.9
29.9
29.8
29.8
29.9
29.8
29.8
29.7
29.7
29.7
29.7
29.8
29.7
29.7
29.7
29.7
29.7
29.6
29.6
29.7
29.7
29.7
29.7
29.8
29.9
30.0
30.1
30.1
30.2
30.2
30.6
31.2
31.5
31.7
31.9
31.9
31.9
32.0
32.2
32.4
32.6
32.8
32.8
33.1
32.9
32.8
32.8
32.8
32.7
32.6
32.6
32.5
32.4
32.4
32.3
32.3
32.4
32.3
32.3
32.3
32.3
32.2
32.1
31.8
31.4
31.1
30.8
30.4
30.2
30.0
29.9
29.8
29.8
29.8
29.7
29.7
29.6
29.6
29.6
29.5
29.4
29.6
29.6
29.7
29.6
29.6
29.6
29.6
29.6
29.6
30.1
30.6
30.8
31.0
31.2
31.3
31.5
31.6
31.7
31.7
31.8
31.9
31.9
31.9
32.0
32.0
32.1
32.0
31.8
31.5
31.3
31.1
30.9
30.8
30.5
30.5
30.4
30.2
30.1
30.0
29.8
29.7
29.7
29.7
29.7
29.7
29.7
29.7
29.7
29.7
29.7
29.7
29.6
29.6
29.6
29.5
29.6
29.6
29.5
29.5
29.5
29.5
29.6
29.7
29.8
29.9
29.8
29.9
29.8
29.8
30.4
30.7
30.9
31.1
31.3
31.3
31.4
31.6
31.7
31.7
31.7
31.7
31.7
31.8
31.8
31.9
31.9
32.0
32.0
32.0
32.1
32.1
32.0
32.1
32.0
32.0
32.0
32.0
32.0
32.0
32.1
32.0
32.0
32.0
32.0
32.0
32.0
32.0
32.0
31.9
32.0
31.9
31.9
31.6
31.3
31.0
30.9
30.7
30.5
30.4
30.2
30.1
30.1
30.0
29.9
29.9
30.0
29.9
29.8
29.7
30.1
30.4
30.6
30.6
30.7
30.8
30.9
40.1
47.0
47.0
47.0
46.8
46.6
46.7
46.3
30.1
30.0
30.0
29.9
29.8
29.8
29.9
29.9
29.9
29.9
29.9
29.8
29.8
29.9
29.9
29.9
29.9
29.9
29.9
29.9
29.9
29.9
29.9
29.8
29.8
29.8
29.8
29.8
29.9
29.8
29.8
29.8
29.8
29.7
29.7
29.7
29.7
29.7
29.7
29.7
29.7
29.8
29.9
29.8
29.7
30.0
30.5
30.6
30.7
30.8
30.9
30.7
30.5
30.3
30.2
30.1
29.9
29.8
29.8
29.6
29.5
30.0
29.7
29.7
29.8
29.8
29.8
29.7
29.8
29.8
29.8
29.8
29.8
29.8
29.8
29.8
29.8
29.8
29.8
29.8
29.8
29.8
29.7
29.8
29.8
29.8
29.8
29.7
29.7
29.7
29.7
29.7
29.7
29.7
29.8
29.8
29.7
29.7
29.7
29.8
29.8
29.8
29.8
29.8
30.2
30.5
30.7
30.7
30.8
30.9
30.6
30.4
30.3
30.1
30.0
29.9
29.8
29.8
29.7
29.6
29.6
29.5
29.5
39.5
47.0
