45.9
96.1
96.1
96.2
96.3
96.5
96.6
96.7
96.9
97.0
97.1
97.3
97.4
97.6
97.8
98.0
105.4
105.4
105.4
105.4
105.5
105.0
99.0
99.0
99.1
99.1
99.1
99.2
99.2
99.2
99.2
99.3
99.3
99.3
99.3
99.3
99.3
99.3
99.4
99.4
99.4
99.4
99.4
99.4
99.4
99.4
99.4
99.4
99.5
99.4
99.5
99.5
99.5
99.5
99.5
99.5
99.5
99.5
99.5
99.5
99.5
99.5
99.5
99.5
99.5
99.5
99.5
99.5
99.5
99.5
99.5
99.5
99.5
99.5
99.5
99.7
108.1
107.9
107.7
107.5
107.4
101.1
100.9
100.7
100.6
100.5
100.4
100.3
100.1
100.1
100.0
100.0
99.9
99.9
99.9
99.8
99.8
99.8
99.8
99.8
99.8
99.7
99.7
99.7
99.7
99.7
99.7
99.7
99.6
99.6
99.7
99.7
99.6
99.7
99.6
99.7
99.7
99.7
99.7
99.7
99.7
99.7
99.6
99.7
99.7
99.7
99.7
99.7
99.7
99.7
99.7
99.7
99.7
99.7
99.7
99.9
108.3
108.1
108.0
107.8
107.7
101.3
101.1
101.0
100.8
100.7
100.6
100.5
100.4
100.3
100.2
100.2
100.1
100.1
100.1
100.0
100.0
100.0
100.0
99.9
99.9
99.9
99.9
99.9
99.9
99.9
99.8
99.8
99.6
99.2
98.9
98.6
98.3
97.9
97.3
