34.1
49.0
49.0
49.1
49.1
49.2
49.2
49.2
49.2
49.2
49.3
49.3
49.3
49.3
49.3
49.3
49.3
49.4
49.3
49.3
49.4
49.4
49.4
49.4
49.9
50.4
50.7
51.1
51.3
51.5
51.2
50.9
50.7
50.5
50.3
50.1
50.0
49.9
49.7
49.7
49.5
49.5
49.4
49.4
49.3
49.3
49.2
49.2
49.2
49.2
49.1
49.1
49.1
49.1
49.1
49.1
49.1
49.1
49.2
49.1
49.1
49.1
49.2
49.2
49.2
49.2
49.2
49.2
49.2
49.2
49.1
49.2
49.2
49.2
49.3
49.3
49.3
49.3
49.3
49.3
49.3
49.3
49.4
49.3
49.8
50.3
50.7
51.0
51.2
51.0
50.8
50.6
50.4
50.3
50.2
50.1
50.0
49.8
49.8
49.7
49.7
49.7
49.7
49.6
49.6
49.6
49.5
49.6
49.6
49.5
49.6
49.6
49.6
49.5
49.5
49.5
49.5
49.5
49.4
49.4
49.5
49.4
49.4
49.5
49.5
49.5
49.6
49.6
49.6
49.6
49.6
49.6
49.6
49.6
49.6
49.6
49.6
49.6
49.7
