36.8
56.3
56.3
56.3
56.3
56.4
56.5
56.7
56.8
56.9
57.0
57.1
57.1
57.2
57.2
57.1
57.1
57.0
57.0
57.0
57.1
57.2
57.2
63.8
63.6
63.4
63.2
63.2
62.8
56.7
56.7
56.7
56.8
56.9
56.9
57.0
57.1
57.2
57.3
57.4
57.4
57.4
57.4
57.3
57.2
57.2
57.1
57.2
57.2
57.3
57.4
57.5
57.5
57.6
57.6
57.6
57.6
57.5
57.4
57.3
57.3
57.3
57.3
57.4
57.5
57.5
57.6
57.6
57.6
57.6
57.6
57.5
57.3
57.3
57.2
57.2
57.3
57.4
57.5
57.5
57.6
57.6
57.6
64.6
64.1
63.8
63.4
63.2
62.6
56.9
57.0
57.2
57.3
57.4
57.5
57.6
57.6
57.6
57.6
57.5
57.4
57.4
57.4
57.3
57.4
57.4
57.5
57.6
57.6
57.6
57.7
57.7
57.6
57.5
57.4
57.4
57.4
57.3
57.4
57.5
57.5
57.6
57.6
57.7
57.7
57.7
57.6
57.5
57.4
57.3
57.4
57.3
57.4
57.4
57.5
57.6
57.6
57.6
