52.8
85.4
85.4
85.5
85.6
85.7
85.8
85.9
86.0
86.1
86.2
86.3
86.4
86.5
86.6
86.7
86.8
86.9
86.9
87.0
87.1
87.1
87.2
87.2
87.2
87.2
87.3
87.3
87.3
87.4
87.4
87.4
87.4
87.5
87.5
87.5
87.5
87.5
87.5
87.5
87.6
87.6
87.6
87.6
87.6
87.6
87.6
87.6
87.8
96.3
96.0
95.8
95.7
95.5
89.2
89.0
88.9
88.7
88.6
88.6
88.5
88.4
88.4
88.3
88.3
88.2
88.2
88.2
88.1
88.2
88.1
88.1
88.1
88.1
88.1
88.1
88.1
88.0
88.1
88.1
88.1
88.1
88.0
88.1
88.1
88.1
88.1
88.1
88.1
88.1
88.0
88.1
88.0
88.1
88.1
88.0
88.0
88.0
88.0
88.1
88.1
88.0
88.1
88.1
88.1
88.1
88.1
88.1
88.4
96.5
96.2
96.1
95.9
95.7
89.0
88.9
88.8
88.7
88.7
88.6
88.6
88.5
88.5
88.5
88.5
88.4
88.4
88.4
88.4
88.3
88.3
88.3
88.3
88.3
88.3
88.2
88.3
88.3
88.3
88.3
88.2
88.3
88.3
88.3
88.3
88.2
88.2
88.3
88.2
88.2
88.2
88.3
88.3
88.2
88.3
88.3
88.2
88.2
88.3
88.3
88.2
88.2
88.2
88.2
88.2
88.2
88.2
88.3
88.6
96.3
96.0
95.8
95.6
88.4
88.2
88.0
87.8
87.5
80.2
79.6
79.1
78.7
78.5
78.1
65.7
52.2
51.8
