33.2
71.9
71.3
71.3
71.0
70.5
70.3
69.9
69.5
69.0
68.9
63.4
49.9
49.9
49.8
56.1
55.8
55.5
55.3
55.1
54.6
54.1
53.5
53.0
52.6
52.2
51.9
51.6
51.3
51.0
50.8
50.7
50.5
50.3
50.2
50.1
50.0
49.9
49.8
49.7
49.7
49.7
49.6
49.6
49.5
49.5
49.4
49.4
49.4
49.3
49.3
49.2
49.2
49.2
49.1
49.1
49.1
49.0
49.0
49.0
49.1
49.1
49.1
49.1
49.1
49.1
49.1
49.1
49.0
49.0
49.0
49.1
49.0
49.0
49.1
55.5
55.2
54.9
54.7
54.5
54.0
53.4
52.9
52.4
51.9
51.6
51.2
51.0
50.7
50.5
50.3
50.1
50.0
49.8
49.7
49.6
49.5
49.4
49.4
49.3
49.3
49.2
49.2
49.3
49.3
49.3
49.3
49.2
49.3
49.2
49.3
49.3
49.3
49.4
49.3
49.3
49.3
49.3
49.2
49.2
49.2
49.2
49.1
49.2
49.2
49.2
49.2
49.2
49.2
49.2
49.2
49.2
49.2
49.3
49.3
55.3
55.0
54.8
54.6
54.5
54.1
53.5
53.0
52.6
52.2
52.0
51.7
51.4
51.2
51.0
50.9
50.7
50.5
50.4
50.3
50.2
50.2
50.1
50.0
49.9
49.9
49.8
49.8
49.7
49.8
49.8
49.8
49.8
49.8
49.7
49.8
49.7
49.7
49.7
49.7
49.7
49.7
49.7
49.6
49.6
49.7
49.7
49.6
49.6
49.6
49.6
49.6
49.6
49.6
49.6
49.6
49.5
49.5
49.5
49.5
55.3
55.1
54.9
54.7
54.6
54.2
53.7
53.1
52.7
52.3
52.0
51.7
51.4
51.2
51.0
50.9
50.7
50.5
50.4
50.3
50.2
50.1
50.0
49.9
49.8
49.7
49.7
49.6
49.6
49.6
49.5
49.6
49.7
49.7
49.6
49.6
49.6
49.6
49.5
49.5
49.4
49.4
49.5
49.4
49.4
49.4
49.4
49.3
49.3
49.3
49.2
49.2
49.2
49.2
49.1
49.1
49.1
49.1
49.1
49.1
55.1
54.8
54.6
54.5
54.3
54.1
53.0
51.7
51.0
50.6
50.2
50.1
50.0
49.9
49.8
49.7
49.6
49.5
49.5
49.4
49.4
49.3
49.3
49.4
49.3
49.3
49.3
49.3
49.3
49.3
49.3
49.2
49.2
49.2
49.2
49.2
49.2
49.2
49.2
49.2
49.1
48.8
48.5
48.4
48.4
