33.9
33.5
33.3
33.5
33.3
33.3
33.1
33.3
32.8
32.2
31.7
31.4
31.0
30.8
30.6
30.4
30.2
30.0
30.0
29.9
30.0
30.0
30.5
31.0
31.2
31.4
31.6
31.8
31.9
31.9
31.8
31.9
31.9
31.9
32.0
32.0
32.0
32.0
32.1
32.1
32.3
32.2
32.1
32.0
31.8
31.7
31.6
31.5
31.6
31.5
31.4
31.3
31.2
31.3
31.3
31.5
31.7
32.0
32.4
32.5
32.6
32.8
32.8
32.7
32.5
32.4
32.3
32.2
32.1
32.1
32.1
32.1
32.1
32.0
32.0
32.0
31.9
31.9
31.8
31.7
31.6
31.5
31.8
31.8
31.7
31.7
31.6
31.6
31.5
31.6
31.7
31.8
32.1
32.2
32.5
32.6
32.8
32.9
32.9
33.0
33.2
33.3
33.4
33.3
33.2
33.2
33.1
33.1
33.0
32.9
32.9
32.8
32.8
32.8
32.7
32.6
32.4
32.3
32.2
32.0
32.0
31.9
31.9
31.9
31.9
31.9
31.9
31.9
31.9
32.0
32.0
32.1
32.1
32.2
32.2
32.7
46.8
34.7
34.7
40.3
55.3
82.3
92.9
92.8
92.6
92.6
92.4
92.3
92.2
92.2
92.2
92.1
92.2
92.3
92.5
92.7
92.8
92.9
93.0
93.1
93.1
93.2
93.2
93.3
93.3
93.2
93.3
93.3
93.2
93.4
93.6
93.6
93.5
93.5
93.4
93.5
93.3
93.3
93.3
93.3
93.3
93.3
93.3
93.3
93.4
93.4
93.4
93.3
93.3
93.3
93.3
93.3
93.3
93.2
