26.3
50.9
56.9
56.8
56.8
56.8
56.9
56.9
57.1
57.1
57.2
57.3
57.3
57.4
57.4
57.3
57.2
57.1
57.1
57.1
57.0
57.1
57.2
57.3
57.4
57.4
57.5
57.5
57.5
57.4
57.3
57.2
57.1
57.1
57.1
57.2
57.3
57.4
57.4
57.4
57.5
57.5
57.5
57.4
57.3
57.2
57.2
57.1
57.1
57.2
57.3
57.4
64.9
64.5
64.2
64.0
63.4
56.9
56.8
56.8
56.8
56.8
56.9
57.0
57.2
57.3
57.4
57.4
57.5
57.5
57.5
57.4
57.3
57.3
57.2
57.2
57.2
57.3
57.4
57.5
57.6
57.6
57.7
57.7
57.7
57.6
57.5
57.4
57.4
57.4
57.3
57.5
57.5
57.6
57.6
57.7
57.7
57.7
57.7
57.6
57.5
57.4
57.4
57.4
57.3
57.4
57.6
57.6
57.7
57.7
57.7
57.7
64.9
64.4
64.0
63.7
63.4
62.8
57.2
57.3
57.4
57.5
57.6
57.6
57.7
57.8
57.8
57.8
57.6
57.6
57.6
57.5
57.5
57.6
57.6
57.7
57.7
57.7
57.7
