26.9
37.0
36.7
36.8
37.3
28.7
28.6
28.6
29.0
29.0
28.9
28.8
29.3
42.0
35.3
35.9
36.0
35.6
35.7
35.3
35.1
35.2
34.6
40.5
40.0
32.6
33.1
33.5
40.1
40.0
39.5
39.4
52.8
47.0
52.8
52.2
52.1
51.8
51.4
46.3
46.5
47.1
47.6
47.2
47.5
47.8
47.8
48.1
48.5
48.9
49.2
49.1
48.5
49.1
49.2
49.1
49.3
49.4
48.9
49.1
49.2
49.5
49.8
50.1
50.0
50.1
50.1
50.2
50.2
44.9
45.4
38.8
45.3
51.1
50.5
50.6
50.3
50.1
50.0
50.1
49.7
44.3
51.3
51.2
51.1
51.1
51.2
50.7
50.6
44.7
50.3
50.5
57.4
57.1
56.7
56.4
55.9
55.8
55.2
54.7
54.1
53.7
53.6
53.2
53.0
52.8
52.6
52.2
45.5
45.8
46.2
52.6
52.3
52.3
52.3
52.1
51.8
51.9
51.6
51.6
51.3
51.2
51.0
51.1
51.2
