25.9
34.3
34.0
33.8
33.4
42.6
59.7
90.2
90.1
90.0
89.9
89.8
89.8
89.8
89.7
89.7
95.2
95.1
95.2
95.2
95.3
94.9
94.3
93.7
93.2
92.8
92.4
92.1
91.8
91.6
91.5
91.4
91.2
91.0
90.9
90.8
90.6
90.5
90.4
90.4
90.3
90.3
90.3
90.2
90.2
90.2
90.2
90.2
90.2
90.2
90.2
90.1
90.0
90.0
89.9
89.9
89.9
89.8
89.8
89.9
89.9
89.8
89.8
89.8
89.7
89.8
89.7
89.7
89.7
89.7
89.6
89.5
89.4
89.3
89.3
89.2
96.3
96.0
95.8
95.6
95.4
94.9
89.0
88.9
88.9
88.8
88.8
88.8
88.7
88.7
88.8
88.8
88.8
88.8
88.9
88.9
89.0
89.0
89.1
89.1
89.1
89.0
89.0
88.9
88.9
88.9
88.9
88.8
88.8
88.7
88.6
88.5
88.5
88.5
88.5
88.3
88.3
88.1
88.1
88.1
88.0
88.0
87.9
87.8
87.8
87.7
87.6
87.6
87.5
87.4
87.3
87.3
87.2
87.2
87.2
87.1
95.0
94.7
94.3
94.1
93.9
93.3
86.9
86.8
86.8
86.8
86.8
86.9
86.9
86.9
86.9
86.9
86.9
86.9
86.9
86.9
86.9
86.9
86.9
86.9
87.0
87.0
86.9
87.0
86.9
86.9
86.9
86.9
87.0
87.0
87.0
86.9
86.9
87.0
87.1
87.2
87.1
87.1
87.1
87.0
87.0
87.0
87.0
87.0
87.0
86.9
87.0
86.9
86.9
86.9
86.9
86.9
86.8
86.8
86.8
86.8
87.3
87.9
88.5
89.1
89.5
89.5
89.2
88.9
88.8
88.6
88.4
88.4
88.4
88.3
88.3
88.2
88.3
88.2
88.2
88.2
88.1
88.0
88.0
87.9
87.8
87.8
87.8
87.7
87.7
87.7
87.6
87.6
87.6
87.5
87.5
87.4
87.5
87.4
87.4
87.3
87.3
87.2
87.1
87.0
87.0
87.0
87.0
86.9
86.9
86.9
86.8
86.9
86.9
86.9
86.9
87.1
87.2
87.2
87.3
87.3
92.7
92.7
92.7
92.8
92.8
92.3
86.9
86.8
86.9
86.9
86.9
86.9
86.8
86.9
86.9
86.9
86.9
86.9
86.9
86.9
86.9
86.9
86.9
87.0
87.0
87.0
86.9
86.8
86.8
86.9
86.9
86.8
86.9
86.8
86.8
86.8
86.7
86.8
86.8
86.8
86.7
86.7
86.7
86.7
86.7
86.6
86.5
86.4
86.4
86.3
86.3
86.2
86.2
86.1
86.1
86.1
86.1
86.0
86.0
86.0
86.6
91.7
91.7
91.6
91.6
91.2
85.9
86.0
86.0
86.0
86.0
85.9
85.8
85.8
85.9
85.8
85.8
85.7
85.7
85.6
85.6
85.5
85.5
85.5
85.4
85.3
85.3
85.2
85.2
85.1
85.1
85.1
85.1
85.1
85.1
85.1
85.0
85.0
85.0
84.9
85.0
85.0
85.0
85.1
85.0
85.1
85.0
85.2
85.2
85.2
85.2
85.2
85.2
85.2
85.3
85.3
85.4
85.4
85.4
85.5
91.5
91.4
91.4
91.4
91.3
90.9
85.7
85.7
85.8
85.8
85.9
86.0
86.1
86.1
86.1
86.2
86.2
86.2
86.2
86.3
86.3
86.3
86.3
86.3
86.3
86.6
86.6
86.8
86.9
87.0
87.0
87.0
87.1
87.0
87.1
87.1
87.1
87.1
87.2
87.2
87.1
87.1
87.1
87.0
87.1
87.0
86.9
86.9
86.9
86.9
86.8
86.7
86.8
86.6
86.7
86.7
86.6
86.7
86.8
86.8
92.5
92.5
92.5
92.5
92.7
92.3
91.8
91.3
90.9
90.5
90.2
89.9
89.7
89.7
89.5
89.3
89.2
89.1
88.9
88.8
88.7
88.6
88.6
88.6
88.6
88.6
88.7
88.7
88.7
88.7
88.6
88.5
88.5
88.4
88.4
88.4
88.3
88.3
88.3
88.2
88.0
87.9
87.8
87.5
87.3
80.2
79.7
79.3
78.9
78.6
78.3
78.1
77.8
77.7
77.5
77.3
77.2
77.2
77.1
77.0
84.6
84.2
83.9
83.7
83.4
82.8
76.3
76.3
76.3
76.3
76.3
76.2
76.2
76.1
76.1
76.1
76.0
76.0
76.1
76.1
76.1
76.1
76.2
76.1
76.2
76.2
76.2
76.2
66.9
66.3
65.8
65.4
65.0
64.7
64.4
64.2
63.9
63.7
63.5
63.3
63.2
63.1
63.0
62.9
62.8
62.7
52.2
51.9
51.6
51.5
51.2
50.8
71.7
95.2
95.1
95.3
95.5
95.6
95.6
80.5
62.1
54.7
94.0
103.1
103.1
102.6
96.9
96.8
96.5
72.6
51.7
56.9
95.6
95.6
95.7
95.9
95.9
96.1
89.8
64.6
