31.8
46.8
61.3
74.6
75.1
75.6
76.0
76.0
75.7
75.3
75.0
74.9
74.3
74.1
73.9
74.0
74.0
56.5
50.9
74.0
73.9
73.9
74.0
73.9
67.6
74.2
74.1
74.1
73.8
73.7
48.6
60.3
73.2
73.3
73.3
68.0
75.9
75.6
75.4
75.3
75.1
75.0
74.7
74.4
74.1
73.9
48.6
60.7
72.8
72.7
72.9
73.1
73.3
73.3
73.5
73.6
68.2
74.4
74.4
74.4
74.2
74.0
81.5
81.3
81.2
59.9
59.2
70.7
71.0
71.5
71.9
72.3
72.6
72.9
73.2
73.3
73.3
73.2
73.5
73.6
73.5
61.1
49.0
73.8
73.9
74.1
74.2
74.3
69.0
74.8
74.8
74.8
74.9
74.8
74.6
74.6
74.7
69.6
70.2
76.5
76.3
76.1
66.7
49.0
68.2
75.3
75.2
75.1
74.8
74.4
74.4
74.3
74.1
74.2
74.2
74.3
74.4
74.4
68.6
74.8
74.8
74.8
82.1
81.6
81.3
81.2
81.2
80.7
68.4
75.7
75.8
75.8
75.7
75.7
75.6
75.4
75.1
49.3
61.3
70.7
71.2
71.5
71.8
72.2
72.6
72.8
73.2
73.4
73.7
73.1
73.3
73.4
73.6
73.8
73.8
73.8
74.0
73.7
49.0
64.4
70.5
70.8
76.3
76.2
76.0
75.9
75.8
75.7
75.5
75.2
74.7
74.7
74.6
61.1
49.3
73.2
73.2
73.4
73.7
73.9
74.1
67.4
82.3
82.1
81.9
81.8
81.7
81.0
73.6
73.6
73.4
73.5
73.5
73.9
74.1
74.2
74.4
53.8
54.0
75.0
75.0
75.0
68.8
75.5
75.4
75.3
75.1
74.9
75.0
75.1
75.2
69.0
75.5
75.4
75.5
75.5
75.5
75.5
75.2
75.1
75.2
74.7
74.6
49.3
61.7
75.7
75.6
75.3
75.3
75.3
75.4
75.4
69.0
75.5
75.5
75.4
75.3
75.1
49.3
61.3
73.6
73.8
82.5
75.0
75.4
80.7
80.7
80.3
79.8
79.3
78.8
78.3
61.3
49.3
73.4
72.9
73.3
73.7
73.7
73.7
73.9
74.2
74.3
74.5
66.3
73.4
73.6
73.8
74.0
74.2
74.3
74.5
74.5
74.4
74.0
74.1
74.2
74.1
48.8
61.7
73.4
73.5
73.7
73.9
74.0
68.8
75.3
75.3
75.5
75.4
75.4
75.2
75.0
74.9
74.9
74.4
74.3
74.4
74.5
74.6
55.7
55.4
81.7
81.5
81.3
81.2
73.4
73.8
73.9
74.1
74.0
74.0
74.1
74.3
74.5
74.6
68.8
74.8
74.8
75.0
75.1
75.1
75.0
74.8
74.8
74.4
74.2
74.1
74.3
74.4
73.8
49.0
66.1
74.8
74.8
74.9
74.9
68.8
75.3
75.2
75.2
74.9
74.8
74.9
74.4
49.0
64.2
75.0
68.2
74.2
74.2
74.6
74.7
74.8
74.8
74.8
74.6
74.5
74.4
74.3
74.2
74.4
82.5
82.3
82.1
69.4
53.2
72.6
72.9
72.3
72.8
73.1
73.4
73.4
73.4
73.7
73.9
74.0
68.6
75.7
75.6
75.6
75.7
75.7
75.5
75.2
75.2
75.2
69.8
70.3
75.5
74.8
49.3
64.6
75.7
75.6
75.5
75.5
75.3
69.8
75.5
75.4
75.2
75.0
75.0
75.1
75.1
75.1
75.2
68.6
75.3
75.3
75.3
75.3
75.1
75.1
59.7
49.5
74.8
74.9
69.4
74.8
82.1
81.9
81.8
81.6
81.5
80.9
73.2
73.2
73.2
73.3
73.3
73.5
59.4
49.5
75.3
75.2
75.1
75.1
75.1
68.6
75.0
75.0
75.0
75.2
74.9
74.8
74.8
74.8
68.6
75.0
75.0
75.0
75.0
53.0
53.3
75.0
75.0
74.9
74.7
74.6
74.3
74.3
74.1
74.2
74.3
74.3
74.5
74.6
74.6
69.0
75.3
75.2
75.1
74.9
74.9
62.4
49.3
73.4
73.5
73.7
74.1
79.8
79.8
79.9
80.0
79.6
79.0
78.5
73.2
73.2
73.1
73.2
73.2
73.4
73.6
73.8
73.9
74.0
52.0
52.5
75.3
68.2
74.8
74.8
74.8
74.7
74.7
74.6
74.6
74.7
74.7
68.6
75.3
75.3
75.2
75.2
75.1
74.9
74.7
74.4
48.8
