40.9
59.9
59.9
59.7
59.2
58.8
58.4
58.2
58.0
57.9
57.7
57.4
57.3
57.1
56.9
56.8
56.7
56.6
56.5
56.4
56.4
56.4
56.4
56.4
56.5
56.4
56.3
56.3
56.2
56.2
56.2
56.2
56.1
56.1
56.1
56.2
56.2
56.2
56.3
56.3
56.2
56.2
56.2
56.2
56.2
56.2
56.1
56.1
56.1
56.2
56.4
56.5
56.5
56.5
56.4
56.4
56.4
56.4
61.7
61.5
61.4
61.2
61.0
60.4
60.0
59.6
59.2
58.8
58.4
58.2
57.9
57.7
57.5
57.4
57.2
57.1
57.0
57.0
57.0
57.0
56.9
56.9
56.8
56.7
56.7
56.6
56.6
56.5
56.5
56.4
56.4
56.5
56.5
56.6
56.6
56.5
56.5
56.4
56.4
56.4
56.4
56.3
56.3
56.3
56.4
56.4
56.5
56.5
56.5
56.5
56.4
56.4
56.5
56.6
56.6
56.5
56.5
56.5
62.4
62.2
62.1
62.0
61.9
61.5
56.3
56.3
56.3
56.3
56.3
56.3
56.3
56.3
56.3
56.4
56.5
56.6
56.6
56.5
