38.2
30.7
30.6
30.5
30.4
30.3
30.3
30.2
30.2
30.2
30.1
30.1
30.1
30.0
30.0
30.0
30.0
30.0
29.9
29.9
29.9
29.9
29.9
29.9
29.9
29.9
29.9
30.0
29.9
29.9
30.0
30.0
30.0
30.0
35.7
35.3
35.0
34.7
34.1
33.6
33.2
32.9
32.5
32.3
32.1
31.8
31.7
31.5
31.3
31.1
31.1
30.9
30.8
30.7
30.6
30.6
30.5
30.5
30.4
30.4
30.4
30.4
30.3
30.3
30.3
30.4
30.3
30.3
30.2
30.3
30.3
30.3
30.2
30.2
30.2
30.2
30.2
30.2
30.2
30.2
30.3
30.3
30.3
30.2
30.2
30.3
30.3
30.2
30.3
30.3
30.3
30.3
30.3
30.2
30.8
30.9
31.0
31.1
30.9
30.8
30.6
30.4
30.2
30.1
29.9
29.9
29.9
29.8
29.8
29.7
29.5
29.6
29.5
29.5
29.7
30.1
30.3
30.6
30.9
31.1
31.3
31.5
31.6
31.7
31.8
31.8
31.6
31.6
31.7
31.9
32.1
32.2
32.2
32.3
32.1
32.2
32.3
32.3
32.3
32.3
32.3
32.2
32.2
32.3
32.3
32.4
32.3
32.2
32.3
32.2
32.2
32.2
32.2
32.2
32.5
32.7
32.9
32.9
33.0
33.2
33.4
33.3
33.2
33.4
33.5
33.6
33.4
33.5
33.4
33.2
33.0
32.8
32.7
32.6
32.5
32.7
32.8
32.9
33.1
32.9
32.6
32.5
32.5
32.7
32.9
33.0
33.0
33.0
33.2
33.3
33.4
33.4
33.3
33.1
32.9
32.8
32.6
32.7
32.5
32.4
32.2
32.2
32.1
32.2
32.2
32.3
32.2
32.4
32.6
32.7
32.7
32.7
32.7
32.8
40.3
40.4
40.1
39.5
34.3
34.5
34.5
34.3
34.2
34.0
33.8
33.7
40.5
29.9
29.8
29.8
29.8
29.7
29.5
29.5
29.3
29.2
29.1
29.0
28.9
28.8
28.8
28.7
28.6
28.6
28.6
28.5
28.5
28.5
28.5
28.4
28.4
28.4
28.4
28.4
28.4
28.4
28.4
28.4
28.4
28.4
28.4
28.4
28.3
28.3
28.2
28.3
28.3
28.4
28.4
28.4
28.4
28.4
28.4
28.4
28.7
29.0
29.3
29.6
29.8
29.6
29.4
29.3
29.2
29.2
29.1
29.0
28.9
28.9
28.8
28.7
28.8
28.8
28.9
28.9
28.8
28.9
28.8
28.8
28.7
28.7
28.7
28.7
28.7
28.6
28.6
28.6
28.6
28.6
28.6
28.5
28.5
28.5
28.5
28.5
28.5
28.5
28.6
28.6
28.6
28.6
28.6
28.7
28.6
28.6
28.6
28.6
28.6
28.6
28.7
28.6
28.6
28.6
28.5
28.5
34.3
33.9
33.6
33.3
33.0
32.8
32.6
32.4
32.3
32.1
32.0
31.9
31.8
31.7
31.6
31.3
30.9
30.6
30.4
30.2
30.1
29.9
29.8
29.7
29.4
29.3
29.2
29.2
29.1
29.0
28.9
28.9
28.9
28.9
28.9
28.8
28.8
28.8
28.8
28.8
28.7
28.7
28.6
28.7
28.6
28.6
28.6
28.6
28.5
28.6
28.5
28.5
28.6
28.6
28.5
28.5
28.5
28.5
28.5
28.4
34.5
34.1
33.8
33.5
33.3
33.0
32.8
32.6
32.5
32.3
32.2
32.0
31.5
31.2
30.9
30.6
30.3
30.1
29.8
29.7
29.6
29.5
29.5
29.4
29.4
29.2
29.2
29.2
29.0
29.0
28.9
28.8
28.8
28.8
28.8
28.7
28.7
28.7
28.6
28.6
28.5
28.5
28.5
28.5
28.6
28.5
28.5
28.5
28.5
28.5
28.4
28.4
28.5
28.5
28.5
28.5
28.5
28.5
28.5
28.5
34.5
34.1
33.7
33.4
33.2
32.9
32.6
32.1
31.7
31.3
30.9
30.6
30.3
30.1
29.9
29.7
29.6
29.5
29.3
29.2
29.0
28.9
28.9
28.8
28.8
28.8
28.6
28.6
28.5
28.4
28.4
28.3
28.2
28.2
28.2
28.2
28.2
28.1
28.1
28.1
28.1
28.1
28.1
28.1
28.1
28.1
28.2
28.1
28.1
28.0
28.1
28.1
28.1
28.1
28.1
28.0
28.1
28.0
28.0
28.0
34.5
34.0
33.6
33.3
32.9
32.5
32.0
31.5
31.1
30.7
30.4
30.0
29.7
29.5
29.4
29.2
29.1
29.0
28.8
28.7
28.6
28.6
28.5
28.4
28.4
28.4
28.6
28.5
28.5
28.4
28.4
28.3
28.3
28.2
28.2
28.1
28.0
28.0
28.0
28.0
28.0
28.0
28.0
28.0
28.0
27.9
27.9
27.8
27.8
27.8
28.0
27.9
27.9
27.9
27.9
27.9
27.9
27.8
27.8
27.8
34.1
33.6
33.2
32.9
32.6
32.3
32.0
31.8
31.5
31.4
31.3
31.0
30.6
30.4
30.1
29.8
29.5
29.3
29.2
29.0
28.8
28.7
28.5
28.5
28.3
28.2
28.3
28.3
28.4
28.3
28.3
28.3
28.2
28.2
28.1
28.1
28.1
28.1
28.0
28.0
28.0
28.0
27.9
27.9
27.9
27.9
27.9
27.9
28.0
28.0
28.0
28.0
27.9
27.8
27.8
27.8
27.8
27.8
27.8
27.9
28.4
28.6
28.8
29.0
29.2
29.3
29.5
29.6
29.7
29.8
29.9
29.9
30.0
30.0
30.0
30.1
30.2
29.9
29.6
29.4
29.2
29.0
28.8
28.7
28.6
28.4
28.3
28.1
28.2
28.2
28.3
28.3
28.2
28.3
28.2
28.1
28.1
28.1
28.0
27.9
27.9
27.9
27.9
27.8
27.8
27.8
27.8
27.8
27.8
27.8
27.8
27.7
27.7
27.8
27.8
27.8
27.7
27.7
27.8
27.7
28.2
28.5
28.7
28.9
29.1
29.1
28.9
28.9
28.8
28.6
28.5
28.4
28.3
28.3
28.2
28.1
28.0
28.0
27.9
27.8
27.8
28.0
27.9
27.9
27.9
27.9
27.8
27.7
27.7
27.7
27.8
27.8
