25.9
44.5
44.5
44.6
44.6
44.7
44.7
44.8
44.8
44.7
44.7
44.7
44.7
44.7
44.7
44.7
44.7
44.7
45.0
45.4
45.7
46.1
46.3
46.4
46.2
46.1
45.9
45.7
45.6
45.5
45.3
45.2
45.2
45.1
45.0
45.0
44.9
44.8
44.8
44.8
44.8
44.7
44.7
44.7
44.7
44.6
44.6
44.6
44.6
44.6
44.6
44.6
44.6
44.5
44.5
44.5
44.5
44.5
44.5
44.5
44.5
44.5
44.5
44.5
44.5
44.5
44.5
44.5
44.5
44.5
44.5
44.5
44.6
44.6
44.5
44.6
44.6
44.6
45.1
45.5
45.8
46.1
46.3
46.4
46.2
46.0
45.9
45.7
45.6
45.5
45.4
45.3
45.2
45.1
45.1
45.0
44.9
44.8
44.8
44.8
44.7
44.7
44.7
44.7
44.7
44.6
44.6
44.6
44.6
44.6
44.6
44.5
44.5
44.5
44.5
44.5
44.5
44.5
44.6
44.5
44.6
44.5
44.5
44.6
44.6
44.6
44.6
44.5
44.5
44.6
44.6
44.6
44.5
44.6
44.5
44.6
44.6
44.6
49.7
49.5
49.4
49.2
49.1
48.8
48.3
47.8
47.4
47.2
46.9
46.6
46.5
46.3
46.1
46.0
45.9
45.7
45.6
45.5
45.5
45.4
45.4
45.4
45.3
45.3
45.3
45.3
45.3
45.3
45.3
45.2
45.3
45.3
45.2
45.2
45.3
45.3
45.3
45.3
45.3
45.3
45.3
45.4
45.3
45.3
45.4
45.4
45.4
45.5
45.5
45.4
45.5
45.4
45.5
45.5
45.5
45.5
45.5
45.5
50.7
50.5
50.4
50.3
50.1
49.9
49.3
48.9
48.5
48.1
47.9
47.7
47.4
47.3
47.1
46.9
46.8
46.7
46.6
46.5
46.4
46.4
46.3
46.3
46.2
46.2
46.2
46.1
46.1
46.1
46.1
46.1
46.1
46.1
46.0
46.0
46.1
46.1
46.0
46.0
46.1
46.0
46.0
46.0
46.0
46.1
46.1
46.1
46.1
46.1
46.1
46.1
46.1
46.1
46.1
46.1
46.1
46.1
46.1
46.1
46.7
47.2
47.5
47.8
47.9
47.7
47.5
47.4
47.2
47.1
47.0
46.9
46.8
46.8
46.8
46.8
46.7
46.6
46.6
46.5
46.5
46.5
46.5
46.4
46.4
46.4
46.4
46.3
46.3
46.3
46.3
46.3
46.3
46.3
46.3
46.2
46.2
46.3
46.3
46.2
46.2
46.3
46.2
46.2
46.3
46.3
46.3
46.3
46.3
46.3
46.3
46.3
46.3
46.4
46.4
46.4
46.4
46.5
46.5
46.5
47.0
47.5
47.8
48.1
48.4
48.5
48.2
48.0
47.8
47.7
47.6
47.4
47.3
47.2
47.2
47.1
47.1
47.2
47.1
47.0
47.0
47.0
47.0
46.9
46.9
46.9
46.9
46.8
46.8
46.8
46.8
46.8
46.8
46.8
46.8
46.8
46.8
46.8
46.8
46.8
46.8
46.7
46.8
46.7
46.8
46.8
46.8
46.8
46.8
46.8
46.8
46.8
46.8
46.8
46.8
46.8
46.8
46.8
46.8
46.8
47.4
47.9
48.2
48.5
48.7
48.4
48.2
48.1
48.0
