26.5
31.6
31.8
32.4
33.0
39.7
39.5
39.2
57.6
86.9
86.6
94.2
93.7
93.2
78.6
95.9
76.3
88.2
73.0
50.1
50.0
91.3
96.9
96.8
96.8
96.8
96.4
96.2
96.0
82.1
72.6
95.2
89.0
49.7
75.0
46.3
92.9
105.2
63.4
103.5
103.9
104.1
103.8
98.6
92.5
98.3
98.2
98.2
98.2
98.3
98.5
98.6
98.4
98.4
98.4
98.5
98.5
98.5
98.4
98.4
98.3
98.3
98.3
98.4
98.5
98.7
98.8
98.9
99.0
99.1
99.1
98.9
99.0
98.9
98.8
98.6
91.9
92.4
98.1
98.0
98.0
98.0
98.1
98.1
98.0
98.0
97.9
97.9
98.0
97.9
97.9
97.9
97.9
97.8
97.9
97.9
98.0
107.3
107.1
106.9
106.6
106.4
100.4
100.2
100.1
99.8
99.7
99.7
99.6
99.4
99.2
80.0
69.6
64.4
64.2
63.6
73.2
73.2
72.9
72.9
65.9
36.6
46.3
46.1
46.5
46.7
47.0
46.4
40.9
40.8
30.9
38.6
38.5
38.9
48.4
48.1
63.4
98.6
98.7
98.9
99.0
98.5
98.7
98.8
99.0
99.2
99.4
99.6
99.9
100.1
61.1
50.7
37.4
30.7
36.6
36.0
94.2
106.3
106.1
105.9
105.5
83.4
82.8
67.4
53.4
45.1
45.6
46.0
46.3
69.4
94.4
52.4
52.0
51.8
84.0
97.7
97.9
98.0
81.5
96.3
96.4
96.6
96.7
96.9
97.2
97.3
97.7
98.0
98.2
98.4
98.6
98.1
92.3
65.5
54.7
54.1
53.6
46.1
91.7
92.1
97.3
97.5
97.9
98.3
98.4
98.2
98.0
98.0
97.9
97.4
76.7
53.0
52.6
52.3
52.1
87.1
57.6
46.5
46.1
75.0
105.8
105.8
100.0
99.9
99.9
99.9
99.8
99.8
99.8
99.7
99.8
99.8
99.8
99.8
99.9
100.0
100.0
99.8
99.8
99.9
99.9
99.8
99.8
99.8
99.8
93.6
65.7
98.3
98.4
98.5
98.6
67.1
47.2
37.6
84.2
90.9
69.8
59.0
97.5
69.8
49.7
96.5
96.7
96.9
97.0
97.3
97.4
97.6
97.8
97.9
97.9
98.0
98.0
98.0
98.1
97.9
77.3
85.2
104.8
104.8
60.9
51.7
40.5
47.4
91.1
98.3
59.4
30.7
36.1
49.3
61.7
95.4
78.6
51.1
51.0
50.7
64.6
64.0
87.1
87.2
94.0
94.2
94.6
94.8
94.9
95.2
95.5
95.9
95.9
95.8
75.3
65.3
64.9
64.7
65.1
98.4
98.6
98.7
98.9
98.9
98.9
98.8
98.9
98.9
98.8
98.8
99.0
107.3
107.1
wattsup: [error] Reading final time stamp: Bad address
99.3
99.3
99.4
99.4
99.5
99.6
99.6
99.6
99.6
99.5
99.5
99.6
92.9
61.3
55.5
54.9
54.3
53.7
47.0
47.2
47.5
40.9
41.1
51.7
51.4
51.1
50.9
50.9
50.7
50.5
50.3
50.2
50.1
