43.4
64.2
64.1
64.0
64.0
64.0
64.1
64.0
64.2
64.3
64.5
64.4
64.3
64.5
64.6
64.7
64.8
64.9
65.0
65.0
65.0
64.8
65.0
65.1
65.1
65.3
65.2
65.1
65.0
65.2
65.2
65.4
65.3
65.1
65.0
65.2
65.3
65.3
65.3
65.0
64.9
64.9
65.0
65.0
65.0
65.0
64.9
64.8
64.6
64.6
64.6
64.7
64.6
64.7
65.1
70.7
70.3
70.2
70.0
70.0
69.5
68.9
63.8
64.1
64.2
64.4
64.6
64.7
64.8
64.7
64.7
64.7
64.8
64.9
65.0
64.9
64.9
65.0
64.9
64.9
64.9
64.8
64.9
64.9
65.1
65.2
65.2
64.8
64.7
64.5
64.0
63.7
63.3
56.5
49.5
57.4
65.7
65.8
65.8
65.7
65.6
65.7
65.8
65.7
65.6
65.4
65.5
65.5
65.5
65.5
65.5
65.3
65.2
65.3
65.5
71.3
71.1
70.9
70.9
70.7
70.5
70.1
69.7
69.1
68.7
68.2
67.8
67.6
67.4
67.2
67.1
66.9
66.7
66.7
66.9
67.1
67.0
67.1
67.1
67.2
67.0
66.8
66.8
66.9
66.9
66.9
66.8
66.8
66.7
66.8
66.7
66.6
66.7
66.7
66.8
66.9
66.9
66.9
66.6
66.5
66.5
66.5
66.2
66.3
66.5
66.4
66.4
66.4
66.3
66.2
66.2
66.2
66.3
66.4
66.4
73.8
73.6
73.3
73.0
72.8
66.7
66.3
66.1
66.1
66.2
66.4
66.1
60.7
61.3
61.7
62.1
62.6
63.2
63.6
64.1
64.3
64.6
64.7
65.1
65.3
65.4
65.3
65.2
65.3
65.2
65.2
65.3
65.5
65.4
65.8
65.8
66.0
66.1
66.2
66.4
66.4
66.4
66.3
66.3
66.3
66.4
66.6
66.5
66.4
66.1
65.9
65.8
65.8
65.8
65.9
66.0
65.9
65.9
65.8
65.9
72.1
72.0
71.9
71.7
71.6
71.1
70.6
70.2
69.6
69.2
68.6
68.3
68.3
67.9
67.5
67.3
67.0
66.9
66.9
66.7
66.6
66.7
66.9
67.0
67.1
67.2
67.2
67.0
67.0
66.8
66.6
66.6
66.7
66.7
66.6
66.6
66.4
66.3
65.9
65.5
56.5
56.2
56.0
55.9
55.9
64.6
64.6
64.7
64.8
64.8
64.9
65.1
65.4
65.6
65.9
66.1
66.4
66.5
66.7
66.9
73.0
72.8
72.9
72.9
72.9
72.5
71.9
71.4
70.9
70.5
70.1
69.8
69.5
69.1
68.7
68.5
68.4
68.2
68.1
67.9
67.6
67.4
67.3
67.2
67.2
67.3
67.4
67.4
67.4
67.3
67.1
67.0
66.8
66.5
66.5
66.6
66.8
66.9
67.0
66.9
66.8
66.8
66.8
66.7
66.7
66.6
66.8
66.7
66.6
66.5
66.2
66.3
66.3
66.4
66.6
66.5
66.5
66.5
66.4
66.4
74.0
73.7
73.5
73.4
73.2
66.3
66.4
66.3
66.4
66.5
66.4
66.5
66.5
66.5
66.4
