33.0
83.0
92.5
92.6
92.9
93.0
93.2
93.1
93.3
93.5
93.6
93.6
93.8
93.8
93.9
94.0
94.2
100.2
100.5
100.6
100.9
101.0
95.9
95.7
95.7
95.5
95.4
95.4
95.4
95.4
95.3
59.0
53.8
95.2
81.1
52.6
80.7
95.6
95.8
84.6
100.0
79.6
94.0
94.0
94.0
94.1
94.2
94.3
94.3
94.3
94.3
94.3
94.4
94.4
94.5
94.4
94.5
94.5
94.5
94.6
94.7
94.8
94.7
94.8
94.7
94.6
94.5
94.8
94.8
94.7
94.9
94.8
95.0
94.9
94.8
94.7
95.0
100.4
81.9
72.1
53.6
52.9
52.5
52.1
92.1
99.0
89.4
97.5
97.7
98.1
98.3
98.5
98.6
83.4
92.5
100.4
100.4
99.9
100.0
100.1
83.8
84.1
94.0
94.1
94.2
94.4
94.8
95.0
95.2
95.4
95.5
95.7
95.8
95.9
95.9
95.8
96.1
96.2
96.1
96.0
95.9
96.0
96.2
96.4
96.5
96.7
96.4
96.4
96.1
96.0
95.9
96.0
96.0
96.0
96.0
96.0
96.3
106.0
105.6
105.2
105.1
104.8
98.3
98.2
98.0
97.9
97.7
97.7
97.5
97.4
97.3
97.2
97.1
97.0
96.8
96.9
96.8
96.9
96.9
96.9
97.0
97.1
97.1
97.2
97.0
96.7
96.2
95.9
95.7
95.8
95.8
95.6
95.5
95.6
95.7
95.7
95.7
95.6
95.6
95.6
95.7
95.6
95.7
95.7
95.6
95.6
95.8
95.6
95.5
95.5
95.7
95.7
95.9
96.1
96.0
95.9
96.1
103.5
103.4
103.3
103.2
96.7
96.4
96.2
96.2
96.2
96.0
95.7
95.7
95.8
87.7
79.4
