31.8
54.7
54.9
55.0
55.3
55.5
55.7
55.9
56.2
56.4
56.6
56.7
56.8
56.9
57.0
57.0
56.9
56.9
56.9
56.9
56.9
57.0
57.1
57.2
57.3
57.4
57.4
57.4
57.5
57.3
57.3
57.2
57.1
57.1
57.0
57.2
57.3
57.3
57.4
57.4
57.5
57.5
57.5
57.4
57.4
57.3
57.3
57.2
57.3
57.3
57.4
57.5
57.5
57.6
57.6
63.8
63.6
63.4
63.1
62.9
62.4
61.8
61.3
60.9
60.5
60.2
59.9
59.7
59.4
59.2
59.0
58.8
58.6
58.4
58.3
58.1
58.0
58.1
58.0
58.0
58.1
58.0
58.0
58.0
58.0
57.8
57.7
57.6
57.5
57.4
57.4
57.5
57.6
57.6
57.6
57.7
57.7
57.7
57.7
57.6
57.5
57.4
57.4
57.4
57.5
57.5
57.6
57.7
57.8
57.8
57.8
57.8
57.8
57.7
57.6
63.0
62.8
62.7
62.7
62.4
62.0
61.5
61.1
60.7
60.4
60.1
59.8
59.4
59.1
58.8
58.6
58.4
58.3
58.3
58.3
58.2
58.2
58.2
58.1
