26.0
26.5
96.7
97.3
104.6
104.7
104.8
104.9
105.1
105.1
105.3
105.4
105.6
105.7
105.9
106.0
106.2
106.2
106.3
106.2
105.8
105.9
105.9
106.0
106.1
106.2
106.3
106.3
106.4
106.5
106.5
106.5
106.6
106.6
106.7
106.7
106.8
106.8
106.9
107.0
107.0
107.1
107.1
107.2
107.7
108.2
108.7
109.0
109.4
109.7
109.4
109.2
108.9
99.2
106.3
106.4
106.5
106.6
106.7
106.8
106.9
107.0
107.1
107.2
107.2
107.3
107.3
107.3
107.4
107.4
107.4
107.5
107.5
107.5
107.6
107.7
107.8
107.8
107.9
108.0
108.0
108.0
108.0
108.0
108.0
107.9
107.8
107.4
96.1
107.5
107.4
107.1
107.1
107.2
107.3
107.4
107.5
107.6
107.6
107.7
107.8
107.8
107.9
107.9
108.3
108.6
109.0
109.3
109.7
109.9
109.8
109.7
109.5
109.5
109.4
109.3
109.2
109.2
109.1
109.1
109.0
109.0
108.9
108.9
108.9
108.9
108.8
108.8
108.8
108.7
108.6
108.6
102.7
103.3
103.8
104.4
104.9
105.3
105.8
106.2
106.5
106.8
107.0
107.3
107.4
107.6
107.8
107.9
108.0
108.2
108.3
108.4
108.4
108.5
108.5
108.6
108.6
108.7
108.7
108.7
108.7
108.7
108.7
108.7
109.1
109.4
109.7
110.0
110.2
110.4
110.3
110.2
110.0
109.9
109.8
109.7
109.6
109.5
109.5
109.4
109.3
109.3
109.2
109.1
109.0
91.1
108.1
108.1
107.7
107.8
107.9
108.0
108.1
108.2
108.4
108.5
108.5
108.6
108.7
108.8
108.9
108.9
108.9
108.9
108.8
108.3
108.2
108.2
108.1
108.2
108.2
108.2
108.3
108.3
108.4
108.5
108.6
108.7
108.8
108.8
108.9
108.9
108.9
109.0
109.4
109.6
109.8
110.1
110.2
110.4
110.3
110.1
110.0
109.8
109.7
109.6
109.5
109.4
109.2
109.1
99.2
107.5
107.5
107.5
107.6
107.6
107.7
107.8
107.8
108.0
108.1
108.2
108.3
108.3
108.4
108.5
108.5
108.6
108.7
108.7
108.8
108.8
108.9
108.9
108.9
109.0
109.0
109.0
109.0
109.0
109.0
108.9
108.9
108.8
108.7
98.1
98.5
108.1
108.1
107.7
107.7
107.7
107.7
107.7
108.1
108.5
108.8
109.2
109.5
109.7
109.6
109.4
109.3
109.2
109.0
108.9
108.9
108.9
108.9
108.8
108.8
108.8
108.8
108.8
108.7
108.7
108.2
108.1
108.1
108.1
108.2
108.2
108.2
108.2
108.2
108.2
108.2
108.2
108.1
108.1
108.1
108.1
108.1
108.2
108.2
108.2
108.3
108.3
108.3
108.3
108.3
108.4
108.4
108.4
108.4
108.5
108.5
108.5
108.6
108.7
108.8
108.8
108.8
108.9
109.2
109.5
109.8
110.0
110.2
110.4
110.2
110.0
109.9
109.8
109.7
109.6
109.5
109.4
109.2
109.1
98.1
107.7
107.7
107.9
108.0
108.1
108.1
108.2
108.2
108.3
108.4
108.4
108.5
108.5
108.5
108.6
108.6
108.6
108.6
108.6
108.6
108.5
108.5
108.5
108.5
108.5
108.5
108.6
108.6
108.6
108.7
108.8
108.8
108.9
108.9
108.9
109.0
109.0
109.0
109.0
109.0
109.1
109.0
109.1
109.4
109.7
109.9
110.0
110.2
110.3
110.1
109.8
109.5
86.9
107.1
107.1
107.2
107.3
101.9
107.3
107.4
107.4
107.5
107.5
107.5
107.6
107.6
107.6
107.6
107.7
107.7
107.8
107.8
107.9
107.9
107.7
101.5
106.7
106.8
106.9
107.1
107.3
107.4
107.5
107.6
107.7
107.7
107.7
107.7
107.7
107.8
107.8
107.9
107.9
108.0
108.1
108.1
108.1
108.2
108.2
108.3
108.3
108.4
108.4
108.8
109.1
109.4
109.7
109.9
110.1
109.9
92.1
107.5
107.6
107.7
107.9
108.0
108.1
108.1
108.2
108.2
108.3
108.3
108.3
108.3
108.3
108.3
108.3
108.3
108.3
108.3
108.3
108.3
108.4
108.3
108.3
108.4
108.4
108.4
108.4
108.4
108.4
108.4
108.4
108.4
108.4
89.2
105.6
106.0
106.4
106.8
107.2
107.4
107.7
107.9
108.2
108.3
107.8
108.0
108.2
108.3
108.5
108.6
108.7
109.1
109.4
109.7
110.0
110.2
110.3
110.2
110.2
110.1
110.0
110.0
109.9
109.9
103.1
108.5
108.5
108.6
108.7
108.8
108.9
109.0
109.0
109.1
109.0
109.1
109.1
109.1
109.2
109.2
109.2
109.2
109.2
109.2
109.2
109.2
109.2
109.2
109.2
109.2
109.3
109.2
109.2
109.3
109.3
109.3
109.3
109.3
109.3
109.3
109.3
109.2
109.2
109.2
99.6
109.0
109.0
109.0
109.1
109.1
109.1
109.5
109.7
109.9
110.1
110.3
110.5
110.3
110.2
110.1
110.0
109.9
109.9
109.8
109.7
109.7
109.7
109.6
109.6
109.5
109.6
109.5
109.5
109.6
109.5
109.5
109.5
109.5
109.5
109.5
109.5
109.5
109.5
96.9
107.7
107.8
107.9
108.1
108.2
108.3
108.4
108.5
108.6
108.6
108.7
108.7
108.8
108.8
108.8
108.8
108.9
108.9
108.9
108.9
108.9
108.9
109.0
109.0
109.0
109.0
109.0
109.4
109.6
109.8
110.0
110.2
110.3
110.2
110.1
109.9
109.8
109.8
