26.9
44.5
45.1
45.7
46.1
46.5
46.9
47.2
47.5
47.7
48.0
48.2
48.2
47.9
47.6
47.2
46.9
46.6
46.3
46.0
45.8
45.5
45.4
45.2
45.0
44.9
44.8
44.6
44.5
44.4
44.3
44.2
44.2
44.2
44.1
44.0
44.0
43.9
43.9
44.4
44.8
45.1
45.4
45.6
45.6
45.4
45.2
44.9
44.8
44.6
44.5
44.4
44.3
44.2
44.1
44.0
43.9
43.9
43.9
44.0
43.9
43.9
43.9
44.0
43.9
43.9
44.0
43.9
43.9
43.9
44.0
43.9
44.0
44.0
44.1
44.1
44.1
44.2
44.2
44.2
44.2
44.2
44.2
44.3
44.3
44.3
44.3
44.4
44.3
44.4
44.4
44.4
44.4
44.4
44.5
44.5
44.5
44.5
44.5
45.0
45.5
45.8
46.2
46.4
46.6
46.4
46.2
46.1
45.9
45.9
45.8
45.7
45.7
45.6
45.6
45.5
45.5
45.5
45.5
45.5
45.5
45.5
45.5
45.5
45.5
45.6
45.6
45.6
45.6
45.6
45.6
45.6
45.6
45.6
45.7
45.7
45.7
45.7
45.8
45.8
45.9
45.9
46.0
46.0
46.0
46.1
46.1
46.1
46.1
46.2
46.2
46.2
46.2
46.3
46.3
46.3
46.3
46.3
46.4
46.9
47.3
47.7
48.1
48.3
48.5
48.2
48.0
47.9
47.7
47.6
47.4
47.3
47.2
47.2
47.1
47.0
47.0
47.0
47.0
46.9
47.0
47.0
47.1
47.2
47.3
47.4
47.5
47.5
47.7
47.8
47.9
48.1
48.3
48.4
48.5
48.7
48.8
48.9
49.0
49.1
49.2
49.2
49.3
49.4
49.5
49.5
49.6
49.6
49.7
49.7
49.8
49.8
49.9
49.9
49.9
49.9
49.9
49.9
49.9
50.4
50.9
51.3
51.6
51.9
52.1
51.8
51.6
51.4
51.3
51.2
51.0
50.9
50.8
50.7
50.7
50.6
50.5
50.4
50.4
50.4
50.3
50.2
50.2
50.2
50.2
50.2
50.2
50.2
50.2
50.1
50.1
50.1
50.0
50.0
50.0
50.0
49.9
49.9
50.0
49.9
49.9
49.9
49.9
49.9
49.9
49.8
49.8
49.8
49.9
49.8
49.8
49.8
49.8
49.8
49.8
49.8
49.8
49.8
49.7
50.1
50.6
51.0
51.2
51.4
51.2
51.0
50.9
50.6
