26.5
42.2
52.4
52.6
52.9
53.0
53.1
53.2
52.7
52.4
52.1
51.9
51.6
51.4
51.3
51.1
50.9
50.8
50.7
50.6
50.5
50.4
50.3
50.3
50.2
50.1
50.1
50.0
50.0
50.0
49.9
49.9
49.8
49.8
49.8
49.8
49.8
49.8
49.7
49.7
49.7
49.6
49.6
49.6
49.5
49.5
49.5
49.4
49.4
49.4
49.4
49.4
49.3
49.3
49.4
49.3
49.3
49.3
49.2
49.2
49.3
49.2
49.6
50.1
50.5
50.9
51.2
50.9
50.7
50.5
50.3
50.2
50.1
50.0
49.9
49.8
49.8
49.7
49.6
49.6
49.6
49.6
49.6
49.6
49.5
49.5
49.5
49.6
49.5
49.5
49.5
49.5
49.5
49.5
49.5
49.5
49.5
49.6
49.6
49.6
49.6
49.6
49.6
49.6
49.6
49.6
49.6
49.6
49.6
49.7
49.7
49.7
49.7
49.7
49.7
49.6
49.6
49.7
49.7
49.6
49.6
49.6
50.0
50.6
50.9
51.3
51.1
50.9
50.8
50.6
50.5
50.4
50.3
50.2
50.2
50.1
50.0
50.0
50.0
49.9
49.9
49.9
49.8
49.8
49.8
