26.0
34.5
41.8
42.3
42.9
43.3
43.8
44.3
44.4
31.8
38.8
38.8
51.5
51.5
51.5
59.4
88.4
88.5
88.9
89.4
89.9
90.3
90.8
91.2
91.5
91.9
92.0
92.1
92.3
92.3
92.5
92.5
92.9
93.1
93.3
93.4
93.4
93.4
93.5
93.5
93.7
93.8
93.8
93.9
94.0
94.0
94.2
94.4
94.5
94.2
94.2
94.3
94.3
94.4
94.4
94.5
94.7
94.9
95.0
95.1
95.2
95.2
95.1
95.2
95.1
95.1
95.1
95.2
95.2
95.2
95.2
95.5
104.8
104.4
104.3
104.2
104.0
97.7
97.4
97.2
97.1
97.0
96.9
96.8
96.6
96.5
96.4
96.2
96.1
96.0
95.9
95.9
95.8
95.8
95.8
95.8
95.9
95.9
95.8
71.1
71.7
93.8
94.0
94.1
94.1
94.2
94.3
94.2
94.3
94.4
94.3
94.4
94.3
94.4
94.3
94.4
94.7
94.6
94.6
94.5
93.9
94.0
94.1
94.3
94.5
94.6
94.7
94.6
94.2
94.2
94.3
94.3
100.8
100.9
101.0
100.9
100.9
100.3
94.2
94.4
94.4
94.3
94.4
94.4
94.5
94.5
94.4
94.3
94.5
94.7
94.8
94.9
94.7
94.7
94.6
94.7
94.7
94.6
94.6
94.6
94.6
94.7
94.8
94.8
94.7
94.6
94.7
94.7
94.8
94.7
94.7
94.7
94.8
94.8
94.8
94.7
94.6
94.5
94.3
94.3
94.6
94.8
94.7
94.9
95.2
95.3
95.4
95.5
95.4
95.1
95.0
94.8
102.5
102.5
102.4
102.3
102.4
97.1
96.6
96.1
96.0
95.8
95.6
95.4
95.4
95.5
95.3
95.1
94.9
94.9
95.0
95.0
95.2
95.2
95.2
95.0
94.9
94.9
94.9
94.9
95.0
95.1
95.1
95.1
95.1
95.1
95.1
95.0
94.8
94.8
94.9
95.0
94.9
94.9
95.0
94.9
94.9
94.8
94.7
94.8
94.9
94.8
94.9
94.9
94.8
94.6
94.7
94.7
94.7
94.7
94.9
95.1
105.0
104.6
104.4
104.1
103.9
96.9
96.7
96.5
96.2
96.1
96.0
96.0
95.9
95.7
95.5
95.6
95.6
95.7
95.7
95.6
95.4
95.3
95.2
95.3
95.3
95.3
95.2
95.2
95.2
95.1
95.0
94.9
95.1
95.0
95.0
95.0
95.0
95.2
95.2
95.1
95.1
95.0
94.9
94.9
95.0
95.2
95.2
95.2
95.0
94.8
94.8
94.7
94.8
94.8
94.8
94.9
94.9
94.9
94.9
95.2
102.7
102.6
102.5
102.4
102.2
96.1
95.7
95.6
95.5
95.5
95.7
95.6
95.4
95.3
95.4
95.3
95.3
95.1
95.1
95.2
95.1
95.1
94.9
94.9
94.8
95.0
95.0
94.8
94.8
95.0
94.8
94.7
94.7
94.7
94.7
94.8
94.9
94.9
94.8
94.9
94.9
94.8
94.9
95.1
95.1
95.2
95.0
95.0
95.0
94.9
94.6
94.8
95.0
95.1
95.2
95.1
95.0
94.9
94.9
95.2
103.1
102.9
102.8
102.7
102.6
96.9
96.6
96.4
96.1
95.9
95.9
95.8
95.7
95.7
95.8
95.6
95.3
95.3
95.5
95.5
95.4
95.4
95.4
95.4
95.4
95.4
95.3
95.3
95.4
95.4
95.5
95.4
95.3
95.3
95.4
95.6
95.6
95.5
95.5
95.6
95.6
95.7
95.8
95.7
95.9
96.2
96.2
96.3
96.6
96.6
96.8
96.9
97.0
96.9
96.9
97.2
97.2
97.4
97.3
97.7
103.8
103.6
103.5
103.3
102.9
89.4
89.3
89.3
89.9
96.3
96.3
96.3
90.4
90.6
90.4
90.2
89.9
89.9
89.9
89.8
89.6
89.5
89.4
89.3
89.2
89.2
89.0
88.8
88.7
88.7
88.7
88.6
88.6
88.6
88.7
88.5
88.3
88.2
88.1
88.2
88.1
88.1
88.4
88.6
88.5
88.4
88.5
88.6
88.6
88.7
88.7
88.7
88.6
88.5
88.5
88.7
88.8
88.7
88.6
88.6
94.2
94.1
94.3
94.4
94.6
94.1
93.6
93.5
93.5
93.4
93.4
93.3
93.3
93.4
93.4
93.4
93.3
93.7
94.2
94.5
94.6
94.6
94.4
94.4
94.6
94.7
94.7
94.7
94.8
94.9
94.9
95.0
95.1
95.2
95.1
95.1
95.3
95.4
95.6
95.8
95.9
96.0
95.9
96.0
95.8
95.6
95.4
95.2
95.1
95.0
94.8
94.8
94.7
94.7
94.5
94.4
94.4
94.4
94.3
94.5
102.3
102.1
101.9
101.6
94.4
94.1
94.1
94.0
93.9
93.7
93.7
93.6
93.8
94.1
94.4
94.5
94.5
94.5
94.7
94.7
94.6
94.3
94.2
94.1
94.1
94.1
94.2
94.2
94.3
94.4
94.2
94.1
94.1
94.3
94.3
94.3
94.5
94.3
94.3
94.1
94.1
93.9
93.7
93.9
93.9
94.0
93.9
94.0
93.8
93.9
94.1
94.0
93.9
94.0
93.7
93.8
94.1
94.2
94.3
94.4
100.4
100.3
100.5
100.6
100.7
94.8
94.9
94.9
94.8
94.8
94.5
94.5
94.6
94.5
94.7
95.0
95.2
95.2
94.9
94.9
94.8
94.7
94.7
94.7
94.8
94.7
94.7
94.7
94.7
94.8
94.8
94.8
94.8
94.8
94.8
94.7
94.6
94.4
94.5
94.7
94.9
94.8
94.6
94.7
94.7
94.6
94.4
94.5
94.6
94.5
94.2
94.2
94.0
94.1
94.1
94.1
94.1
94.0
94.0
94.1
101.3
101.1
100.8
101.0
101.0
94.6
94.5
94.5
94.5
94.4
94.5
94.2
94.2
94.3
94.3
94.1
94.2
94.1
94.0
94.0
94.1
94.4
94.3
94.2
94.1
94.3
94.4
94.4
94.2
94.0
94.1
94.1
94.1
94.0
94.0
94.1
94.2
94.1
94.1
94.1
94.2
94.4
94.5
94.4
94.2
94.2
94.2
94.2
94.1
94.2
94.1
94.1
94.3
94.4
94.5
94.5
94.6
94.8
94.8
94.9
102.5
102.1
101.8
101.6
101.7
101.2
94.0
93.9
93.9
93.9
93.8
93.8
94.1
94.2
94.1
93.9
93.8
94.0
94.1
94.0
94.0
93.9
94.0
94.1
94.0
93.7
93.6
93.8
94.0
94.0
94.1
94.0
93.9
93.7
94.0
94.3
94.2
94.2
94.3
94.3
94.2
94.3
94.4
94.4
94.6
94.6
94.4
94.4
94.5
94.4
94.4
94.6
94.7
94.8
94.8
94.7
94.8
94.9
94.9
95.3
103.5
103.0
102.9
102.9
102.9
96.7
96.3
96.1
96.0
95.9
95.8
96.0
96.0
95.9
95.8
95.8
95.7
95.6
95.4
95.4
95.3
95.1
94.9
94.9
95.1
95.0
94.8
94.8
94.7
94.6
94.5
94.7
94.7
94.6
94.5
94.4
94.3
94.1
94.1
94.2
94.1
94.1
94.0
94.2
94.3
94.3
94.3
94.1
93.9
93.8
94.1
94.2
94.2
94.0
94.0
94.2
94.4
94.2
94.1
94.4
103.8
103.6
103.2
102.9
102.7
95.9
95.7
95.6
95.6
95.4
95.6
95.6
95.5
95.3
95.1
95.0
95.0
95.1
95.0
94.8
94.7
94.7
94.5
94.6
94.7
94.7
94.6
94.6
94.4
94.3
94.5
94.7
94.8
94.8
94.8
94.8
94.8
94.9
94.8
94.8
94.8
94.7
94.5
94.3
94.4
94.6
94.7
94.7
94.6
94.6
94.4
94.1
88.4
87.9
76.7
76.4
94.0
93.9
93.8
94.0
101.3
101.4
101.7
101.7
101.5
94.4
94.3
94.4
94.7
94.8
94.6
94.6
94.6
94.4
94.3
94.4
94.6
94.7
94.9
94.8
94.8
94.6
94.7
94.7
94.6
94.7
89.2
89.1
61.1
