26.6
33.2
33.1
65.3
84.4
84.4
84.7
84.8
84.7
84.3
84.6
84.9
85.0
84.4
84.1
75.3
75.8
81.3
81.2
81.6
81.3
81.3
81.4
81.4
81.7
81.4
81.3
81.3
81.5
81.6
81.8
81.9
81.5
81.7
81.9
82.0
82.1
81.6
73.4
73.1
72.8
72.6
72.5
78.8
78.4
77.9
77.8
77.4
77.2
76.9
76.7
76.5
76.4
76.5
76.3
76.1
76.1
76.0
84.6
84.6
84.7
84.8
85.0
85.1
84.9
84.8
84.7
84.7
84.6
84.2
84.0
83.7
83.7
83.4
83.2
82.8
82.9
82.6
82.6
76.5
76.0
76.2
76.5
76.7
76.9
77.1
77.3
77.5
77.9
78.0
77.7
77.8
77.6
77.8
77.6
77.5
77.5
77.2
77.3
76.9
77.0
76.8
76.7
86.7
86.1
85.5
85.0
85.0
84.9
84.6
84.1
83.7
83.3
76.7
76.8
77.0
76.6
76.9
76.8
77.0
76.8
77.1
77.2
77.5
77.3
77.4
77.5
77.6
77.6
77.6
77.9
77.7
77.5
77.1
77.3
77.4
77.1
77.1
77.3
77.0
77.4
77.6
77.9
78.1
78.3
78.5
78.6
78.8
79.1
79.0
78.9
78.7
78.8
78.8
78.7
78.5
78.5
78.6
78.7
78.8
79.1
79.2
79.3
88.6
88.0
87.4
87.2
82.1
81.9
81.6
81.8
81.9
82.3
82.2
82.4
82.1
82.3
81.8
81.4
81.0
80.5
80.4
80.2
79.9
79.4
78.9
78.5
78.6
78.7
78.8
78.7
78.5
78.6
73.4
73.6
74.0
74.5
74.5
75.0
75.1
75.4
75.8
76.1
76.4
76.1
76.1
76.2
76.2
76.4
76.2
76.2
76.4
76.4
76.5
76.5
76.6
76.9
76.9
76.8
76.5
76.4
76.4
70.7
84.2
77.8
77.8
77.9
78.3
78.8
79.2
79.7
80.1
80.2
79.9
74.2
74.4
74.7
74.5
74.5
75.0
74.8
75.2
75.3
75.6
76.0
76.5
76.7
76.5
76.6
76.8
76.7
76.8
77.0
77.1
77.2
77.1
76.6
76.4
76.3
76.4
76.5
76.7
76.8
76.5
76.6
77.0
77.2
77.5
78.0
