27.1
52.4
61.1
61.0
60.9
60.8
60.7
60.5
60.0
59.6
59.2
58.8
58.4
58.1
57.9
57.6
57.4
57.3
57.1
56.9
56.8
56.8
56.8
56.7
56.8
56.7
56.6
56.5
56.5
56.4
56.3
56.3
56.2
56.2
56.1
56.2
56.2
56.3
56.3
56.3
56.3
56.2
56.2
56.2
56.2
56.2
56.2
56.2
56.1
56.3
56.3
56.4
56.4
56.4
56.3
56.3
56.3
56.3
56.2
56.2
56.2
56.1
56.7
57.3
57.8
58.2
58.3
58.0
57.8
57.6
57.4
57.2
57.1
57.0
56.8
56.7
56.6
56.6
56.6
56.6
56.7
56.6
56.5
56.4
56.4
56.3
56.3
56.3
56.2
56.2
56.2
56.3
56.3
56.4
56.4
56.4
56.3
56.3
56.3
56.3
56.3
56.3
56.2
56.2
56.2
56.3
56.4
56.4
56.5
56.5
56.5
56.5
56.6
56.7
56.6
56.6
56.5
56.4
56.4
56.4
56.5
56.5
61.7
61.5
61.4
61.3
61.2
60.9
60.3
59.8
59.4
58.9
58.6
58.4
58.1
58.0
57.8
57.6
57.4
