26.8
55.7
55.7
55.7
55.7
55.7
55.8
55.8
55.9
56.0
56.1
56.0
56.0
56.0
56.0
56.0
56.1
56.1
56.1
56.1
56.1
56.2
56.2
56.3
56.3
56.3
56.2
56.2
56.2
56.1
61.3
61.2
61.0
60.9
60.9
60.6
60.1
59.7
59.3
58.9
58.5
58.2
57.9
57.7
57.5
57.3
57.1
57.0
56.9
56.8
56.8
56.8
56.7
56.7
56.6
56.5
56.5
56.4
56.3
56.3
56.3
56.2
56.2
56.2
56.3
56.4
56.4
56.3
56.3
56.3
56.3
56.3
56.3
56.3
56.2
56.2
56.2
56.2
56.4
56.5
56.5
56.5
56.4
56.5
56.4
56.4
56.4
56.3
56.3
56.2
61.3
61.3
61.3
61.3
61.1
55.9
55.9
55.9
56.0
56.0
56.0
56.0
56.0
55.9
56.0
56.0
56.1
56.2
56.2
56.2
56.2
56.1
56.1
56.2
56.2
56.2
56.2
56.1
56.2
56.2
56.3
56.4
56.4
56.4
56.4
56.3
56.3
56.3
56.3
56.3
56.2
56.2
56.2
56.2
56.3
56.3
56.4
56.3
56.3
