43.8
55.9
55.9
56.0
56.1
56.2
56.3
56.5
56.7
56.8
56.9
57.0
57.1
57.1
57.1
57.0
57.0
56.9
56.9
56.9
56.9
57.1
57.2
57.3
57.4
57.5
63.2
63.0
62.8
62.6
62.1
56.7
56.7
56.7
56.8
57.0
57.1
57.2
57.3
57.3
57.4
57.4
57.3
57.2
57.2
57.1
57.1
57.1
57.2
57.3
57.4
57.5
57.5
57.6
57.6
57.6
57.5
57.4
57.3
57.2
57.2
57.2
57.3
57.3
57.4
57.5
57.5
57.5
57.5
57.6
57.5
57.4
57.3
57.2
57.2
57.2
57.3
57.4
57.4
57.5
57.5
57.6
57.6
57.7
57.6
57.6
58.2
58.7
59.1
59.4
59.5
59.3
59.2
59.1
58.9
58.8
58.7
58.6
58.3
58.1
58.0
57.9
57.8
57.7
57.7
57.8
57.8
57.9
57.9
57.9
57.8
57.8
57.8
57.6
57.5
57.5
57.5
57.5
57.5
57.6
57.7
57.8
57.8
57.8
57.9
57.9
57.7
57.6
57.5
57.5
57.4
57.4
57.4
57.5
57.6
57.7
57.7
57.8
