47.6
67.8
79.4
79.4
79.4
79.4
79.5
79.5
79.6
79.6
79.7
80.0
87.3
87.2
87.0
87.0
86.9
81.1
81.0
81.0
80.9
80.9
80.7
80.4
80.3
80.1
80.0
79.9
79.8
79.8
79.7
79.7
79.6
79.6
79.6
79.5
79.5
79.5
79.5
79.4
79.4
79.4
79.4
79.5
79.5
79.4
79.5
79.5
79.5
79.5
79.5
79.5
79.4
79.5
79.4
79.5
79.4
79.4
79.4
79.5
79.5
79.5
79.5
79.4
79.4
79.5
79.5
79.5
79.5
79.4
79.4
79.8
86.7
86.5
86.4
86.3
86.2
79.8
79.7
79.7
79.7
79.7
79.7
79.6
79.6
79.6
79.5
79.5
79.5
79.5
79.5
79.5
79.5
79.5
79.5
79.5
79.5
79.5
79.5
79.6
79.6
79.3
79.3
79.6
79.8
80.0
80.2
80.4
80.5
80.6
80.7
80.8
80.8
80.9
81.0
81.0
81.1
81.2
81.2
81.2
81.3
81.3
81.2
81.0
80.8
80.7
80.5
80.5
80.4
80.3
80.2
80.5
86.9
86.7
86.5
86.4
86.2
79.4
79.4
79.4
79.4
79.4
79.5
79.5
79.5
79.6
79.6
79.6
79.6
79.6
79.6
79.6
79.6
79.6
79.6
79.6
79.6
79.6
79.6
79.5
79.5
79.5
79.6
79.5
79.6
79.6
79.6
79.6
79.6
79.6
79.6
79.6
79.6
79.6
79.6
79.5
79.5
79.5
79.5
79.5
79.5
79.5
79.5
79.5
79.5
79.5
79.6
79.6
79.6
79.7
79.6
80.0
86.7
86.5
86.4
86.3
86.3
79.8
79.8
79.8
79.7
79.7
79.3
79.6
79.8
80.0
80.1
80.3
80.4
80.5
80.6
80.7
80.7
80.8
80.9
81.0
81.0
81.1
81.1
81.2
81.2
81.2
81.1
80.9
80.7
80.6
80.5
80.3
80.3
80.2
80.1
80.0
80.0
79.9
79.8
79.8
79.8
79.7
79.7
79.7
79.7
79.7
79.7
79.6
79.6
79.6
79.6
79.6
79.6
79.6
79.5
79.9
86.7
86.5
86.4
86.2
86.1
79.6
79.6
79.6
79.5
79.5
79.5
79.5
79.5
79.5
79.5
79.5
79.5
79.5
79.5
79.5
79.5
79.5
79.5
79.5
79.4
79.5
79.5
79.8
80.2
85.4
85.4
85.4
79.8
79.7
79.7
79.7
79.7
79.7
79.7
79.7
79.6
79.6
79.6
79.6
79.5
79.5
79.5
79.5
79.5
79.5
79.1
79.4
79.6
79.8
79.9
80.1
80.2
80.3
80.4
80.9
87.9
87.8
87.7
87.6
87.5
81.1
81.1
81.1
81.0
81.1
81.0
80.8
80.6
80.4
80.3
80.2
80.2
80.1
80.0
79.9
79.9
79.8
79.8
79.7
79.7
79.7
79.7
79.6
79.6
79.6
79.6
79.6
79.6
79.6
79.6
79.6
79.5
79.5
79.5
79.5
79.5
79.5
79.6
79.5
79.5
79.5
79.5
79.6
79.6
79.6
79.6
79.6
79.6
79.6
79.5
79.6
79.5
79.5
79.6
79.9
86.7
86.5
86.4
86.2
86.1
79.4
79.4
79.4
79.4
79.4
79.4
79.4
79.5
79.5
79.5
79.5
79.5
79.5
79.5
79.6
79.5
79.5
79.5
79.5
79.5
79.5
79.5
79.5
79.5
79.5
79.0
79.3
79.6
79.9
80.1
80.3
80.5
80.7
80.8
80.8
81.0
81.0
81.0
81.0
81.1
81.1
81.1
81.1
81.2
81.2
81.2
81.0
80.8
80.7
80.6
80.4
80.4
80.3
80.2
80.5
86.5
86.4
86.3
86.2
86.2
80.0
79.9
79.9
79.9
79.8
79.9
79.9
79.9
80.0
80.0
80.1
80.1
80.1
80.2
80.2
80.2
80.1
80.1
80.0
80.0
79.9
79.9
79.8
79.8
79.8
79.8
79.8
79.8
79.7
79.7
79.7
79.7
79.7
79.7
79.7
79.7
79.7
79.7
79.7
79.7
79.7
79.7
79.7
79.8
79.8
79.8
79.7
79.7
79.7
79.7
79.6
79.6
79.6
79.6
80.0
86.9
86.7
86.5
86.4
86.3
80.0
79.9
79.9
79.9
