26.1
26.1
26.1
26.0
26.0
25.9
25.9
25.9
25.9
25.9
25.9
39.3
39.7
40.2
40.6
40.9
41.2
41.5
41.7
41.9
42.1
30.1
29.5
29.0
28.7
28.3
28.0
27.7
27.4
27.3
27.0
34.5
43.0
43.0
43.0
43.0
43.0
43.0
43.1
43.0
43.1
34.9
26.0
26.0
33.2
32.7
32.3
32.0
31.4
30.8
25.7
26.1
43.2
43.2
43.2
43.2
43.3
43.3
43.3
43.3
43.4
43.0
26.2
26.1
26.1
26.0
26.0
26.0
26.0
25.9
25.9
25.8
40.9
41.2
41.4
41.7
41.9
42.1
42.3
42.4
42.5
42.6
28.9
28.4
28.1
27.8
27.5
27.3
27.1
26.9
26.8
26.6
37.2
43.2
43.2
43.2
43.2
43.2
43.3
43.3
43.3
43.3
32.4
25.7
32.6
32.1
31.8
31.6
31.2
30.6
30.0
29.6
34.7
43.0
43.0
43.0
43.1
43.1
43.1
43.1
43.1
