27.8
37.8
94.0
99.2
99.2
99.3
99.3
99.4
99.5
99.5
99.6
99.8
99.8
99.9
100.0
100.1
100.2
100.3
100.4
100.5
100.6
100.6
100.7
100.7
100.8
100.8
100.8
100.9
100.9
100.9
101.0
101.0
101.0
101.0
101.0
101.0
101.1
101.0
101.1
101.1
101.1
101.2
101.2
101.2
101.2
101.2
101.2
101.2
101.2
101.2
101.2
107.7
107.8
107.9
108.0
108.1
107.9
101.5
101.5
101.5
101.5
101.5
101.5
101.5
101.5
101.5
101.5
101.4
101.5
101.5
101.5
101.5
101.5
101.5
101.5
101.5
101.5
101.5
101.5
101.5
101.6
101.6
101.6
101.6
101.6
101.6
101.5
101.6
101.6
101.6
101.6
101.6
101.6
101.6
101.6
101.6
101.6
101.6
101.6
101.6
101.6
101.6
101.6
101.5
101.5
101.6
101.6
101.5
101.6
101.6
101.6
108.3
108.4
108.5
108.6
108.6
108.3
101.7
101.6
101.7
101.7
101.7
101.7
101.8
101.7
101.8
101.7
101.7
101.7
101.8
101.8
101.8
101.7
101.7
101.7
101.7
101.7
