51.3
57.2
46.5
46.6
46.7
46.9
46.9
47.1
37.0
65.7
47.0
47.0
47.1
47.1
47.2
46.9
57.8
49.0
48.7
48.5
48.4
48.3
48.2
47.9
48.2
54.0
47.2
47.2
47.2
47.3
47.3
47.4
37.4
64.0
46.8
46.8
46.9
47.0
47.0
47.1
46.5
56.3
49.9
49.5
49.3
49.0
48.9
48.7
42.2
61.7
47.0
47.0
47.0
47.1
47.1
47.2
46.6
68.2
51.3
51.2
51.2
50.9
50.5
50.2
49.6
55.7
55.0
47.2
47.2
47.2
47.3
47.3
47.1
47.6
47.8
47.7
47.7
47.7
47.7
41.1
60.5
47.0
47.0
47.1
47.1
47.2
39.3
62.4
47.2
47.2
47.2
47.3
46.9
58.8
47.0
47.0
47.1
47.1
47.2
41.8
59.9
47.0
47.0
47.1
47.1
47.1
46.8
46.6
74.0
54.7
47.0
46.9
46.9
47.0
47.4
47.4
47.5
53.8
53.5
53.3
53.0
