34.3
34.8
48.4
48.6
48.8
85.9
99.4
99.4
99.4
99.2
99.0
98.7
98.5
98.4
98.1
98.0
97.8
97.7
97.5
97.4
97.3
97.2
97.2
97.1
97.1
97.0
97.0
96.9
96.8
96.8
96.8
96.7
96.7
96.7
96.7
96.7
96.6
96.7
96.7
96.7
96.7
96.7
96.7
96.7
96.7
96.6
96.7
96.7
96.6
96.6
96.7
96.8
96.8
96.7
96.8
96.3
95.8
95.4
95.0
94.8
95.1
95.3
95.5
95.7
95.8
96.0
96.1
96.2
96.2
96.3
96.4
96.4
96.5
96.6
96.6
96.6
96.7
96.7
96.7
96.7
96.7
96.8
96.9
96.8
96.8
96.9
96.8
96.8
96.9
96.9
96.9
96.9
96.9
96.9
96.9
96.9
96.9
97.0
97.0
97.0
97.0
97.0
97.0
97.0
96.9
97.0
97.0
97.0
97.0
97.1
97.1
97.0
97.1
97.1
97.1
96.6
96.1
95.7
95.3
95.0
95.2
95.5
95.7
95.9
96.0
96.2
96.4
96.5
96.6
96.7
96.7
96.8
96.8
96.9
97.0
97.0
97.0
97.0
97.1
97.0
97.1
97.1
97.2
97.2
97.2
97.3
97.3
97.2
97.2
97.3
97.4
97.4
97.4
97.3
97.3
97.3
97.3
97.3
97.3
97.3
97.3
97.3
97.4
97.4
97.4
97.4
97.4
97.4
97.4
97.5
97.5
97.5
97.5
97.5
97.5
97.0
96.4
96.0
95.6
95.3
95.6
95.7
96.0
96.2
