T
16.42 16.25 16.25 16.25
17.50 17.50 17.50 17.50
16.90 16.90 16.87 16.90
18.27 18.12 18.05 18.07
18.30 18.15 18.07 18.10
15.80 15.80 15.77 15.77
15.82 15.80 15.77 15.80
17.07 17.07 17.05 17.05
18.67 18.65 18.65 18.65
14.55 14.55 14.57 14.55
14.90 14.90 14.90 14.90
18.47 18.45 18.47 18.45
18.35 18.32 18.30 18.32
18.62 18.62 18.60 18.62
18.32 18.32 18.30 18.30
18.35 18.32 18.30 18.30
16.35 16.35 16.32 16.27
19.52 19.52 19.50 19.52
22.82 22.80 22.80 22.80
15.45 15.45 15.42 15.45
15.52 15.52 15.50 15.55
22.27 22.27 22.27 22.27
17.30 17.30 17.30 17.30
15.27 15.25 15.25 15.25
19.27 19.27 19.25 19.27
23.07 23.07 23.05 23.15
18.72 18.72 18.72 18.72
15.15 15.17 15.12 15.17
18.22 18.22 18.20 18.22
13.90 13.90 13.87 13.90
16.62 16.67 16.62 16.65
19.47 19.47 19.45 19.47
19.37 19.35 19.32 19.35
16.47 16.47 16.47 16.47
17.30 17.30 17.27 17.30
21.82 20.40 21.80 20.15
22.87 22.87 22.85 22.87
21.85 21.85 21.85 21.85
15.67 15.67 15.65 15.65
15.87 15.90 15.85 15.90
18.77 18.80 18.75 18.77
16.00 16.02 15.97 15.97
15.90 15.90 15.87 15.87
20.40 20.35 20.32 20.32
26.57 26.52 26.50 26.55
16.35 16.35 16.32 16.35
18.65 18.67 18.62 18.67
14.45 14.45 14.42 14.47
18.30 18.32 18.30 18.32
16.30 16.30 16.27 16.30
22.42 22.45 22.42 22.45
24.62 24.62 24.60 24.62
20.82 20.80 20.77 20.80
18.07 18.07 18.05 18.05
17.45 17.42 17.45 17.42
19.47 19.60 19.55 19.55
20.35 20.35 20.37 20.35
18.57 18.55 18.57 18.57
13.52 13.60 13.52 13.60
13.47 13.55 13.47 13.52
13.47 13.55 13.50 13.42
13.55 13.57 13.55 13.45
13.62 13.70 13.60 13.65
15.42 15.42 15.40 15.37
15.40 15.40 15.37 15.35
13.60 13.60 13.57 13.47
13.65 13.65 13.60 13.50
15.25 15.25 15.22 15.17
13.72 13.75 13.70 13.60
13.60 13.67 13.55 13.52
16.42 16.45 16.42 16.42
13.55 13.57 13.52 13.45
18.60 18.60 18.57 18.57
22.45 22.50 22.45 22.47
21.80 21.80 21.80 21.80
22.97 23.00 22.97 22.97
28.25 27.97 28.00 27.97
18.45 18.45 18.45 18.42
20.57 20.57 20.57 20.55
23.82 23.80 23.80 23.80
23.57 23.57 23.57 23.55
21.65 21.67 21.65 21.65
23.70 23.67 23.67 23.65
19.92 19.95 19.92 19.92
13.32 13.32 13.32 13.27
15.05 15.02 15.02 15.00
18.50 18.50 18.50 18.47
15.75 15.55 15.17 15.52
16.70 16.57 16.25 16.60
15.77 15.62 15.20 15.57
16.70 16.57 16.25 16.62
16.52 16.40 16.10 16.42
16.55 16.40 16.10 16.40
16.52 16.40 16.10 16.40
26.15 26.15 26.15 26.15
22.27 22.27 22.27 22.30
17.30 17.30 17.30 17.27
16.95 16.95 16.95 16.95
19.37 19.37 19.37 19.40
19.10 19.10 19.10 19.12
14.57 14.50 14.50 14.50
25.52 25.52 25.52 25.52
14.75 14.75 14.72 14.70
20.12 20.12 20.12 20.10
16.95 17.00 16.90 16.90
16.52 16.60 16.52 16.40
14.62 14.57 14.57 14.55
14.52 14.50 14.55 14.55
14.50 14.50 14.45 14.57
14.50 14.52 14.50 14.47
14.42 14.45 14.45 14.40
17.32 17.32 17.32 17.32
17.95 17.97 17.95 17.95
18.17 17.02 17.02 17.02
16.70 16.57 16.62 16.65
17.77 17.67 17.75 17.65
17.32 16.87 17.22 16.12
16.97 17.12 16.95 16.65
18.22 18.07 18.42 18.05
18.15 18.12 17.97 17.72
19.32 19.32 19.30 19.30
14.22 14.20 14.22 14.22
13.70 13.57 13.70 13.52
19.97 20.02 20.02 20.05
21.72 21.67 21.72 21.37
19.60 19.62 19.60 19.60
20.20 20.22 20.20 20.20
20.67 20.67 20.65 20.62
20.67 20.67 20.67 20.62
20.67 20.67 20.67 20.62
20.67 20.67 20.67 20.65
20.72 20.72 20.72 20.72
20.75 20.72 20.72 20.72
20.75 20.72 20.72 20.72
20.72 20.72 20.72 20.72
15.17 15.20 15.17 15.17
14.97 14.97 14.97 14.95
14.87 14.90 14.90 14.87
14.85 14.90 14.87 14.85
15.10 15.10 15.10 15.10
24.35 24.32 24.32 24.30
16.02 15.95 16.05 15.97
17.92 17.92 17.95 17.97
17.12 17.15 16.92 17.07
16.67 16.55 16.60 16.52
18.92 18.85 18.87 18.85
21.65 21.62 21.60 21.57
21.25 21.22 21.22 21.22
21.32 21.27 21.30 21.27
21.40 21.42 21.42 21.40
21.60 21.60 21.60 21.60
21.70 21.70 21.70 21.67
21.80 21.80 21.77 21.77
17.02 17.02 17.02 17.07
14.52 14.60 14.55 14.50
20.00 19.97 19.95 19.97
17.55 17.52 17.52 17.50
13.85 13.77 13.95 13.80
14.20 14.20 14.20 14.17
16.25 16.25 16.25 16.25
17.47 17.47 17.47 17.47
22.65 22.65 22.65 22.65
24.52 24.52 24.52 24.52
19.10 19.05 19.05 19.02
19.55 19.55 19.50 19.55
17.20 17.17 17.12 17.15
17.87 17.85 17.80 17.82
17.80 17.80 17.80 17.80
11.87 11.80 11.80 11.77
12.12 12.07 12.05 12.05
12.12 12.07 12.05 12.05
12.10 12.07 12.05 12.05
18.72 18.50 18.40 18.42
18.52 18.47 18.42 18.42
18.52 18.50 18.40 18.42
17.95 17.97 17.97 17.97
20.97 20.95 20.95 20.95
15.80 15.77 15.77 15.77
20.70 20.70 20.67 20.70
15.80 15.80 15.80 15.80
15.52 15.52 15.50 15.50
17.70 17.70 17.67 17.70
14.97 14.97 14.95 14.95
14.77 14.70 14.72 14.72
17.67 17.67 17.65 17.65
12.90 12.92 12.87 12.85
17.67 17.67 17.65 17.65
19.85 19.85 19.82 19.80
18.25 18.27 18.20 18.22
13.70 13.75 13.67 13.67
18.52 18.55 18.50 18.50
16.67 16.70 16.65 16.67
16.85 16.87 16.82 16.82
16.25 16.35 16.25 16.27
16.82 16.80 16.85 16.77
15.25 15.30 15.25 15.22
15.90 15.77 15.85 15.90
18.07 18.10 18.07 18.12
15.97 16.05 15.97 15.92
14.65 14.65 14.67 14.67
14.97 14.95 14.95 14.97
25.07 25.10 25.07 25.07
16.90 16.90 16.87 16.90
17.50 17.50 17.50 17.50
17.52 17.52 17.52 17.52
16.22 16.10 15.95 16.07
16.95 16.85 16.97 16.90
15.92 15.75 15.87 15.77
15.92 15.77 15.87 15.75
15.60 15.55 15.57 15.52
18.32 18.30 18.22 18.30
18.55 18.50 18.55 18.57
19.67 19.62 19.52 19.60
18.42 18.40 18.47 18.50
15.90 15.95 15.97 15.90
18.25 18.12 18.02 18.10
20.90 20.87 20.87 20.87
20.87 20.87 20.87 20.87
20.87 20.87 20.87 20.87
18.37 18.40 18.37 18.40
20.25 20.25 20.22 20.25
19.15 19.15 19.15 19.15
16.77 16.80 16.77 16.77
17.77 17.77 17.75 17.75
19.37 19.35 19.37 19.37
23.05 23.05 23.02 23.05
18.72 18.72 18.70 18.72
22.45 22.45 22.42 22.42
21.92 21.92 21.92 21.90
22.32 22.32 22.32 22.32
14.17 14.22 14.17 14.20
14.20 14.17 14.15 14.17
18.42 18.42 18.45 18.42
18.25 18.20 18.22 18.17
15.72 15.72 15.75 15.72
15.47 15.47 15.47 15.45
16.50 16.52 16.50 16.50
15.50 15.47 15.50 15.50
17.45 17.45 17.42 17.42
15.95 15.95 15.95 15.92
15.65 15.62 15.65 15.62
16.62 16.55 16.55 16.52
16.37 16.37 16.35 16.35
18.90 18.87 18.90 18.85
19.12 19.12 19.12 19.10
16.95 16.95 16.95 16.95
18.82 18.80 18.80 18.82
25.05 25.02 24.97 24.95
19.22 19.20 19.17 19.17
16.55 16.55 16.55 16.52
19.95 19.95 19.95 19.92
19.32 19.32 19.30 19.30
23.37 23.37 23.35 23.35
18.80 18.82 18.80 18.80
18.85 18.85 18.85 18.85
18.82 18.80 18.80 18.80
18.75 18.75 18.72 18.72
19.10 19.10 19.07 19.05
18.97 18.97 18.95 18.95
17.72 17.72 17.70 17.70
23.67 23.65 23.57 23.65
19.27 19.27 19.25 19.27
14.05 14.02 14.00 13.95
26.82 26.80 26.80 26.80
23.12 23.10 23.10 23.07
21.65 21.60 21.62 21.60
15.12 15.10 15.10 15.07
21.27 21.32 21.30 21.27
22.20 22.17 22.17 22.17
24.15 24.15 24.15 24.15
20.60 20.60 20.57 20.60
17.60 17.55 17.55 17.55
18.25 18.22 18.27 18.22
19.82 19.82 19.82 19.82
17.05 17.05 17.05 17.05
23.05 23.05 23.05 23.05
23.25 23.25 23.25 23.22
24.75 24.75 24.75 24.75
25.95 25.95 25.95 25.95
23.62 23.62 23.62 23.60
23.75 23.75 23.75 23.75
24.77 24.80 24.77 24.77
26.12 26.12 26.12 26.12
23.70 23.70 23.67 23.67
23.72 23.72 23.70 23.70
23.70 23.70 23.67 23.67
23.75 23.75 23.72 23.75
20.77 20.60 20.57 20.57
20.65 20.47 20.45 20.45
19.65 19.37 19.37 19.37
20.65 20.47 20.45 20.45
16.42 14.90 14.90 14.90
15.20 15.22 15.25 15.25
17.15 17.10 17.10 17.10
17.90 17.87 17.85 17.85
19.55 19.52 19.50 19.50
19.55 19.50 19.50 19.50
26.77 26.77 26.77 26.77
26.77 26.77 26.77 26.77
26.77 26.77 26.77 26.77
26.77 26.77 26.77 26.77
22.40 22.40 22.40 22.42
24.67 24.67 24.67 24.65
18.05 18.05 18.05 18.05
20.07 20.12 20.10 20.12
20.07 20.10 20.10 20.10
23.72 23.70 23.70 23.70
20.60 20.57 20.57 20.57
22.77 22.75 22.75 22.75
14.92 14.87 14.92 14.90
