32.2
66.9
66.8
67.0
66.8
66.9
66.7
66.6
66.7
66.2
66.4
66.2
49.5
49.4
49.4
49.4
49.4
49.4
49.4
49.4
49.3
49.3
49.3
49.3
49.3
49.3
49.3
49.3
49.3
49.3
49.4
49.3
49.3
49.3
49.3
49.3
49.3
49.3
49.2
49.2
49.2
49.2
49.2
49.2
49.2
49.3
49.2
49.2
49.1
49.1
49.1
49.1
49.1
49.1
49.1
49.1
49.1
49.2
49.2
49.2
49.2
49.2
49.3
49.3
49.3
49.3
49.4
49.4
49.3
49.3
49.3
49.4
49.4
49.3
49.3
49.3
49.4
49.5
49.4
49.4
49.4
49.4
49.4
49.4
49.4
49.4
49.4
49.4
49.4
49.4
49.4
49.4
49.4
49.5
49.5
49.5
49.5
49.5
49.5
49.5
49.5
49.5
49.5
49.5
49.5
49.4
49.5
49.5
49.4
49.4
49.4
49.4
49.5
49.5
49.5
49.5
49.6
49.6
49.6
49.6
49.6
49.6
49.6
49.6
49.6
49.6
49.7
49.7
49.7
49.7
49.7
49.7
49.8
49.7
49.8
49.8
49.7
49.7
49.7
49.7
49.7
49.7
49.7
49.7
49.7
49.8
49.8
49.7
49.8
49.8
49.8
49.8
49.8
49.8
49.8
49.8
49.8
49.8
49.8
49.8
49.8
49.7
49.7
49.8
49.8
49.8
49.7
49.8
49.8
49.7
49.7
49.7
49.7
49.7
49.7
49.7
49.7
49.6
49.7
49.6
49.6
49.6
49.6
49.6
49.6
49.6
49.6
49.6
49.6
49.6
49.6
49.6
49.6
49.6
49.6
49.6
49.6
49.6
49.6
49.6
49.5
49.5
49.5
49.5
49.6
49.6
49.6
49.6
49.5
49.5
49.5
49.6
49.6
49.6
49.6
49.7
49.6
49.7
49.6
49.6
49.7
49.7
49.7
49.7
49.7
49.7
49.7
49.7
49.6
49.6
49.7
49.7
49.7
49.7
49.7
49.7
49.7
49.7
49.7
49.7
49.6
49.6
49.6
49.6
49.6
49.6
49.6
49.6
49.6
49.6
49.6
49.6
49.6
49.6
49.6
49.6
49.6
49.6
49.6
49.6
49.6
49.6
49.6
49.5
49.5
49.5
49.5
49.5
49.5
49.5
49.6
49.6
49.5
49.5
49.6
49.5
49.5
49.5
49.5
49.6
49.6
49.6
49.6
49.6
49.7
49.7
49.7
49.7
49.6
49.7
49.7
49.7
49.6
49.7
49.6
49.6
49.6
49.6
49.6
49.6
49.5
49.3
48.9
48.8
48.7
