26.1
31.6
31.7
37.0
36.7
37.2
37.4
37.4
48.6
82.1
91.7
91.9
91.7
92.0
74.2
95.0
79.0
89.0
73.2
58.2
49.7
79.2
95.4
95.4
95.6
95.5
95.3
95.3
95.3
95.3
56.5
92.3
92.6
70.5
61.7
61.4
54.9
95.2
95.1
45.1
92.3
99.6
99.6
99.5
99.3
99.3
99.1
98.9
98.8
98.7
98.7
98.8
98.9
98.6
98.5
98.5
98.4
98.4
98.4
98.3
98.4
98.4
98.4
98.2
98.3
98.5
98.6
98.8
98.9
99.0
99.0
99.1
99.1
99.2
99.1
99.0
98.7
98.5
98.4
98.4
98.3
98.3
98.4
98.3
98.3
98.2
98.1
98.0
98.0
97.9
97.9
97.9
97.9
97.9
97.8
97.8
97.8
97.7
97.9
97.8
97.8
97.8
97.7
97.8
98.0
98.1
98.1
98.1
97.6
97.7
97.9
97.9
85.2
77.5
64.4
64.2
63.9
63.5
73.2
73.2
72.8
72.7
51.7
37.4
43.4
43.3
43.9
44.5
45.0
45.1
35.3
35.9
36.4
36.7
36.9
36.8
46.3
46.5
46.3
85.4
99.2
99.2
99.2
99.3
99.3
99.4
99.6
99.7
99.8
100.0
100.1
100.3
92.5
53.2
46.8
36.1
52.4
96.5
96.6
96.8
96.8
96.2
77.1
77.1
64.6
47.0
47.2
47.4
47.5
47.6
75.3
91.3
50.3
50.2
50.2
88.4
97.9
98.0
98.1
79.2
97.1
97.1
97.2
97.2
97.4
97.6
97.6
98.0
98.3
98.5
98.6
98.7
98.4
87.5
65.3
58.2
50.3
50.2
49.7
93.8
93.9
94.4
99.8
99.8
100.0
99.9
99.4
99.0
98.8
98.7
98.4
74.2
50.5
50.4
50.3
50.1
84.0
59.0
40.9
40.5
66.9
98.3
98.3
98.5
98.6
98.7
98.8
98.9
98.9
99.1
99.1
99.1
99.2
99.3
99.4
99.5
99.6
99.6
99.6
99.7
99.7
99.7
99.7
99.6
99.7
99.7
99.6
65.5
95.4
95.9
96.3
96.7
80.7
44.3
43.9
52.4
97.5
97.0
44.3
87.5
87.5
56.3
68.6
97.7
97.8
97.8
97.9
98.0
98.0
98.0
98.0
98.0
98.0
97.9
97.9
97.9
97.9
92.7
73.6
96.1
96.3
95.9
41.6
49.3
38.8
54.7
97.9
97.7
40.5
31.6
32.0
47.6
47.8
91.9
86.7
62.8
49.0
48.9
57.8
58.2
83.6
84.2
94.0
93.9
94.2
94.4
94.8
95.0
95.2
95.2
95.1
95.3
95.6
82.1
76.7
62.1
62.0
62.1
98.1
98.1
77.8
98.8
98.7
98.7
98.8
98.7
98.7
98.8
98.8
98.9
98.8
98.9
98.9
99.0
98.9
98.8
98.9
99.1
99.1
99.2
99.2
99.1
99.1
99.1
99.0
98.9
99.0
99.1
99.1
99.1
99.2
99.3
99.3
99.4
99.5
99.5
99.5
99.5
99.5
99.5
99.5
99.6
86.3
60.9
53.2
52.8
52.5
52.1
45.3
45.7
46.1
40.9
40.8
51.3
51.0
50.8
50.7
50.7
50.4
50.3
50.1
50.0
50.0
50.0
