26.7
52.2
81.9
81.9
91.5
101.5
101.3
101.1
100.8
100.6
100.3
99.9
99.7
99.4
99.0
98.7
85.9
66.5
66.5
66.4
66.4
66.3
66.3
66.3
66.3
78.2
97.9
97.9
88.2
66.5
66.4
66.3
66.3
66.2
66.3
66.3
66.4
78.0
96.1
96.0
86.3
66.3
66.3
66.2
66.2
66.2
66.1
66.2
66.2
66.2
66.2
66.2
66.2
66.1
66.1
66.1
66.1
66.2
76.7
95.9
95.9
95.9
96.2
96.6
96.7
96.5
96.3
89.4
71.9
71.8
71.6
71.1
70.6
75.9
103.8
103.9
103.8
103.5
103.2
102.6
95.0
94.9
94.8
94.9
95.0
95.1
95.7
96.2
96.5
96.6
96.6
96.4
90.2
90.1
90.1
90.2
90.3
90.5
96.5
96.5
96.4
96.5
96.5
96.5
96.9
97.2
97.5
78.6
101.7
101.7
101.1
91.1
100.2
100.2
94.4
102.7
102.6
102.3
101.8
101.9
102.0
96.7
103.5
103.5
82.3
76.9
77.4
77.8
78.2
49.0
80.2
89.4
99.6
99.6
99.6
68.6
97.5
97.7
97.9
71.7
87.3
98.8
98.8
98.9
83.4
99.6
99.6
99.6
79.6
100.2
100.2
100.2
92.5
100.8
100.8
100.5
92.7
101.7
101.6
101.3
101.6
101.9
102.2
93.8
104.2
104.1
91.7
91.9
92.2
92.1
91.6
91.3
90.9
91.5
100.2
100.2
89.0
95.2
95.2
85.4
97.5
97.4
97.4
87.5
93.8
93.8
94.3
101.9
101.9
101.4
101.3
101.2
100.6
100.8
101.0
100.4
100.3
100.2
99.9
93.8
93.9
94.0
102.9
103.1
103.3
103.0
103.0
103.0
102.6
102.5
102.5
96.5
96.7
96.9
96.8
96.9
97.0
97.3
104.6
104.6
104.3
103.9
103.5
103.1
102.7
102.4
91.3
91.6
104.4
104.3
90.2
90.0
89.9
80.9
95.9
96.3
96.8
91.1
91.2
91.2
91.1
91.6
92.1
92.3
101.3
101.3
100.7
83.4
83.3
83.4
101.1
101.1
101.0
90.2
90.2
90.2
90.7
100.8
100.8
100.2
100.4
100.5
93.4
93.0
92.6
92.6
103.8
103.8
103.1
94.0
94.0
93.9
100.0
100.0
100.0
99.8
99.7
99.6
100.1
100.6
101.1
85.7
85.5
85.4
95.0
95.4
95.8
95.8
95.9
95.9
96.1
96.2
96.3
96.6
97.1
97.5
97.6
97.9
98.2
98.6
104.4
104.4
94.2
93.5
93.0
93.0
99.8
99.8
99.4
99.1
98.8
98.4
98.7
99.0
99.2
104.6
104.6
104.3
103.8
103.4
102.9
103.1
103.3
103.3
87.5
87.6
87.8
98.6
98.7
98.7
98.6
98.5
98.5
98.4
98.8
99.1
99.2
99.4
99.6
100.0
100.6
101.1
92.7
92.1
91.7
92.2
101.5
101.5
101.2
101.2
101.2
101.1
100.9
100.8
100.6
100.5
100.4
100.5
100.8
101.2
101.0
100.4
99.9
99.5
99.4
99.2
99.1
99.2
99.2
99.2
99.2
99.3
99.3
99.3
99.4
99.5
100.0
100.5
100.8
100.5
100.3
100.1
100.0
99.9
91.5
91.6
104.4
104.4
90.9
90.5
90.3
81.3
95.4
96.0
96.5
96.0
95.4
95.0
95.0
102.7
102.7
102.4
102.3
102.3
102.0
101.9
101.8
101.4
87.9
87.9
87.7
93.1
93.2
93.3
93.4
101.9
101.9
101.8
102.2
102.6
96.1
96.0
95.9
96.1
104.8
104.8
104.5
97.7
97.7
97.6
98.0
98.5
98.6
98.4
98.2
98.2
104.8
104.7
104.3
103.8
103.4
102.9
103.2
103.4
103.6
103.8
104.0
104.1
103.5
103.3
103.1
102.6
102.4
102.3
101.9
101.8
101.8
102.0
102.4
102.8
103.0
103.3
103.5
103.6
103.8
104.0
104.1
104.2
104.4
104.4
104.5
104.6
104.5
104.6
104.6
104.5
104.5
104.6
104.5
104.6
104.6
104.6
104.1
103.7
103.2
102.8
102.4
101.9
101.7
101.4
101.2
101.5
102.1
101.8
101.5
101.4
101.4
101.4
101.5
101.8
102.2
102.5
102.1
101.7
101.4
101.4
101.5
101.5
83.4
82.9
82.6
83.2
99.8
99.8
91.9
101.9
101.8
101.3
86.5
86.5
86.6
94.0
100.4
100.3
92.5
92.4
92.3
91.9
91.4
91.0
96.3
96.8
97.4
97.8
98.3
98.8
99.0
99.3
99.5
92.1
86.5
86.5
86.9
94.2
94.2
93.8
93.2
92.7
92.5
92.8
93.1
93.0
92.7
92.3
92.4
105.2
105.1
105.1
105.1
105.1
105.0
104.8
104.6
104.3
104.1
103.9
103.6
103.5
103.3
103.1
102.7
102.3
101.9
101.4
101.0
100.6
100.9
101.2
101.4
101.6
101.8
102.0
102.1
102.1
102.2
101.9
101.7
101.4
101.2
101.0
100.8
101.1
101.3
101.6
101.7
102.0
102.2
102.2
102.2
102.2
102.5
103.0
103.4
103.4
103.4
103.4
103.0
102.6
102.2
101.9
101.6
101.3
101.2
101.2
101.2
101.0
100.8
100.6
100.5
100.4
100.3
100.8
106.5
106.5
105.9
99.4
99.4
99.5
99.7
99.9
100.1
100.2
100.4
100.4
100.5
100.7
100.6
100.6
