26.7
32.4
33.0
81.5
82.0
82.4
83.0
83.1
83.2
82.8
83.3
83.7
83.7
83.2
82.8
74.2
82.3
82.1
82.1
82.2
81.7
81.8
81.8
82.0
81.9
81.7
81.7
81.7
81.8
82.1
82.3
82.1
82.0
81.8
82.0
82.2
81.8
74.2
74.1
73.8
73.4
73.2
72.7
72.6
72.2
72.1
71.9
71.5
71.4
71.3
71.2
71.1
70.9
71.0
70.9
70.8
70.7
71.0
79.8
79.7
79.7
79.6
79.5
79.3
79.4
79.4
79.2
79.0
78.7
78.7
78.3
78.2
78.4
78.3
77.9
77.6
77.3
77.3
77.3
77.1
76.8
76.8
76.9
77.0
77.1
76.9
76.8
76.9
76.9
77.0
76.9
76.7
76.6
76.7
76.8
76.6
76.8
76.7
76.5
76.0
76.0
75.7
75.9
76.0
75.9
75.7
75.5
76.0
76.2
76.4
76.2
76.2
76.1
76.5
76.8
77.1
77.0
77.1
77.0
76.8
76.6
76.9
77.1
77.2
76.9
77.1
77.1
76.9
77.1
77.0
77.1
77.2
76.7
76.6
76.8
77.0
77.0
76.7
76.7
76.6
77.0
77.0
77.4
77.5
77.8
78.1
78.1
78.2
78.5
78.6
78.6
78.3
78.2
78.2
78.1
78.0
77.6
77.8
78.1
78.3
78.4
78.2
78.4
78.6
78.4
78.1
78.4
78.4
78.2
77.9
77.6
77.7
77.9
77.8
77.6
77.5
77.5
77.9
78.0
78.1
78.1
78.5
78.4
78.3
78.1
77.7
77.5
77.6
77.9
78.0
77.8
77.7
77.4
77.2
77.2
77.2
77.2
77.0
77.2
77.2
77.1
77.4
77.6
77.3
77.1
76.8
76.7
76.4
76.4
76.0
76.0
75.9
75.9
76.1
76.0
76.1
76.3
76.4
76.4
76.1
75.8
75.9
70.3
75.9
75.7
75.3
75.3
75.3
75.1
75.2
75.4
75.5
75.3
75.1
74.8
74.8
74.8
74.6
74.7
75.0
74.9
75.2
75.7
75.8
76.3
76.8
76.9
76.7
76.9
76.9
76.8
76.8
76.8
77.1
77.3
76.9
76.6
76.4
76.2
76.0
76.3
76.4
76.5
76.4
76.6
77.0
77.2
77.4
