26.4
35.5
35.5
35.7
40.9
28.9
28.8
28.8
29.2
29.2
29.1
29.0
29.5
42.2
35.1
40.7
40.2
32.8
33.2
33.1
33.1
33.3
33.1
39.5
39.1
32.8
32.9
38.4
38.7
38.7
38.1
38.3
45.3
45.2
45.7
45.6
46.2
46.6
46.8
46.7
46.9
47.3
47.8
47.5
47.8
48.0
48.0
48.3
48.6
48.9
49.4
49.3
48.8
49.2
49.4
49.3
49.4
49.5
43.4
50.7
50.5
50.7
50.8
51.0
50.6
50.7
50.6
50.7
50.7
45.5
45.9
45.3
45.2
50.7
50.1
50.3
50.1
49.8
49.9
50.0
49.6
44.1
51.5
51.4
51.5
51.5
51.5
51.1
50.9
50.3
50.3
50.6
50.7
50.7
50.7
50.4
50.3
50.6
50.7
50.7
50.6
50.7
50.9
50.9
51.0
51.1
51.1
51.0
44.7
45.2
45.7
52.2
52.0
52.0
52.1
51.9
51.8
51.7
51.6
51.6
51.3
51.2
51.4
51.5
51.6
