40.7
80.0
68.2
61.7
87.9
57.6
68.0
80.0
58.8
80.7
69.8
62.1
87.5
59.0
66.1
81.3
61.5
77.1
69.6
58.8
88.4
60.9
67.1
81.3
60.9
78.2
69.2
59.2
88.6
61.7
62.2
79.2
60.3
80.5
68.8
58.0
88.6
59.7
69.8
77.1
58.2
84.0
62.8
62.6
85.9
57.8
76.1
70.3
58.4
88.4
61.5
62.0
82.5
55.3
81.7
67.8
57.2
87.9
59.7
71.9
77.3
60.3
81.9
55.1
69.2
79.6
60.7
79.4
71.5
61.9
86.1
59.9
60.5
81.5
57.8
80.2
66.1
60.7
88.8
60.9
67.8
80.7
60.9
78.2
71.1
60.3
88.2
58.4
66.9
80.0
60.7
79.0
69.6
57.8
88.4
58.6
70.3
78.6
55.7
85.4
61.5
61.7
85.4
58.2
75.9
68.2
63.0
87.9
61.3
61.6
83.6
60.1
76.3
76.0
59.7
86.5
60.7
61.1
83.6
60.9
75.9
75.6
59.0
86.9
63.0
62.8
84.6
57.6
78.0
70.5
61.1
87.9
54.2
71.5
72.1
60.7
83.0
64.2
63.8
88.6
60.5
70.9
71.2
57.6
87.7
61.7
61.9
86.5
55.5
78.2
71.7
60.5
87.7
58.2
67.6
82.3
59.2
78.4
70.5
56.7
88.6
60.9
67.8
84.2
60.9
75.5
75.0
60.7
87.1
62.8
62.7
86.9
60.5
72.8
73.0
60.9
84.8
64.4
63.9
86.7
58.0
74.8
75.0
59.2
84.0
61.9
62.0
86.7
60.1
73.2
73.5
58.8
85.2
64.9
64.3
88.6
60.5
70.9
80.9
61.3
78.2
68.0
61.1
88.4
61.9
62.3
79.4
59.0
80.9
68.6
60.1
88.4
59.4
68.4
80.9
57.4
81.3
66.3
60.9
88.6
60.5
68.4
78.4
58.4
83.0
63.2
62.9
85.4
60.9
73.2
73.4
61.5
83.4
65.9
59.4
88.4
61.1
69.8
70.3
60.9
84.2
64.6
64.0
84.8
58.4
76.1
75.9
60.1
85.0
63.0
62.8
85.9
54.5
79.2
69.4
60.1
88.2
60.5
66.1
79.0
60.7
79.4
70.3
57.8
88.4
58.8
69.0
77.1
60.7
81.7
67.1
57.4
84.8
58.2
76.3
75.7
57.6
88.4
58.2
68.4
76.3
60.3
82.5
65.5
64.9
88.4
61.1
68.8
78.0
59.9
81.7
63.4
63.1
84.8
51.7
82.5
64.4
64.1
88.6
60.7
68.6
77.1
62.1
80.5
68.0
60.1
88.6
60.7
67.8
80.5
60.1
79.4
66.1
58.6
87.7
61.7
70.7
71.2
58.4
86.7
57.2
67.6
78.0
58.0
83.6
64.6
64.1
88.8
58.2
72.6
73.0
60.5
82.7
56.5
68.0
81.3
62.8
75.7
75.7
58.8
85.0
63.8
63.4
88.4
58.4
73.0
73.3
62.6
81.7
64.9
64.2
88.2
60.5
71.5
71.9
59.4
85.4
64.2
63.7
85.9
60.3
73.6
73.8
57.8
86.5
60.9
61.3
85.0
56.3
78.4
72.6
57.6
88.4
60.7
61.3
80.2
60.3
79.4
68.4
58.2
88.8
59.9
70.1
79.4
60.9
79.8
67.4
60.7
88.6
60.3
68.6
74.8
60.7
84.0
63.2
62.9
87.7
56.9
75.3
74.8
63.2
85.0
64.0
63.6
84.2
60.3
74.8
74.5
56.9
88.6
52.2
74.2
67.8
56.9
87.3
61.7
70.9
78.6
60.1
81.1
66.5
60.1
88.6
57.8
71.1
78.4
60.5
80.9
66.5
58.2
87.1
59.9
72.6
72.4
60.9
87.1
63.8
63.4
87.9
55.9
75.9
75.3
61.9
86.3
60.3
60.8
82.1
57.8
80.0
68.8
59.9
88.4
60.3
68.0
79.6
60.3
80.0
68.6
56.1
86.5
60.1
73.0
73.4
58.8
84.2
62.1
62.1
86.5
54.7
78.4
70.9
57.6
88.8
60.5
67.1
77.5
60.5
81.7
65.7
60.3
88.6
60.3
