34.1
33.8
33.6
33.3
40.5
55.9
88.6
88.8
88.8
88.9
89.0
89.0
89.1
89.1
89.2
89.3
89.3
89.4
89.4
89.5
89.5
89.6
89.6
89.6
89.6
89.7
89.8
89.8
89.8
89.9
90.0
90.0
90.0
90.0
90.1
90.0
90.0
90.0
90.0
90.0
90.0
90.1
90.0
90.1
90.1
90.1
90.1
90.1
90.1
90.1
90.1
90.0
90.0
90.0
90.0
90.0
89.9
89.9
90.0
90.0
90.0
89.9
89.9
89.9
89.9
89.9
89.8
89.9
89.8
89.7
89.7
89.6
89.5
89.5
89.4
89.4
89.3
89.3
89.3
89.2
89.2
89.2
89.1
89.1
89.1
89.1
89.1
89.0
89.1
89.1
89.1
89.1
89.1
89.1
89.2
89.2
89.2
89.2
89.2
89.3
89.2
89.2
89.2
89.1
89.1
89.0
89.0
88.8
88.7
88.7
88.6
88.6
88.6
88.5
88.5
88.4
88.2
88.3
88.3
88.2
88.1
88.1
87.9
87.9
87.9
87.8
87.7
87.7
87.7
87.6
87.5
87.4
87.4
87.4
87.4
87.4
87.4
87.3
87.3
87.3
87.3
87.3
87.2
87.3
87.2
87.2
87.3
87.3
87.3
87.3
87.3
87.3
87.3
87.3
87.2
87.3
87.2
87.2
87.3
87.3
87.3
87.3
87.4
87.3
87.3
87.3
87.3
87.3
87.3
87.3
87.3
87.3
87.4
87.5
87.4
87.4
87.4
87.4
87.4
87.4
87.3
87.5
87.4
87.4
87.4
87.3
87.3
87.2
87.2
87.2
87.1
87.1
87.1
87.1
86.9
87.1
87.1
87.2
87.2
87.2
87.2
87.3
87.2
87.3
87.2
87.5
87.7
87.7
87.7
87.8
87.9
87.9
87.9
87.9
88.0
87.9
88.0
87.9
87.9
87.8
87.7
87.6
87.6
87.6
87.5
87.5
87.5
87.5
87.4
87.4
87.5
87.4
87.3
87.3
87.2
87.3
87.2
87.2
87.2
87.1
87.2
87.2
87.2
87.1
87.1
87.1
87.2
87.2
87.2
87.2
87.2
87.3
87.5
87.6
87.6
87.6
87.6
87.6
87.5
87.5
87.5
87.4
87.4
87.4
87.4
87.3
87.2
87.2
87.3
87.3
87.2
87.2
87.2
87.2
87.2
87.2
87.2
87.1
87.1
87.0
87.0
87.0
87.0
87.0
87.0
87.0
87.0
87.0
87.0
87.0
86.9
87.0
86.9
86.8
86.8
86.8
86.8
86.8
86.9
86.8
86.8
86.9
86.8
86.8
86.7
86.7
86.6
86.6
86.5
86.5
86.5
86.4
86.3
86.3
86.3
86.3
86.3
86.3
86.2
86.3
86.2
86.3
86.2
86.2
86.1
86.0
86.0
85.9
85.9
85.9
85.8
85.8
85.7
85.6
85.5
wattsup: [error] Reading final time stamp: Bad address
85.2
85.2
85.1
wattsup: [error] Reading final time stamp: Bad address
85.1
85.1
85.3
85.4
85.4
85.4
85.5
85.5
85.6
85.7
85.7
85.7
85.7
85.7
85.8
85.8
85.8
86.0
86.2
86.1
86.2
86.3
86.4
86.3
86.4
86.5
86.5
86.5
86.5
86.4
86.4
86.4
86.5
86.5
86.7
86.8
86.9
87.1
87.1
87.1
87.2
87.1
87.2
87.1
87.1
87.2
87.2
87.2
87.2
87.2
87.1
87.2
87.1
87.0
86.9
86.9
87.0
86.9
86.9
86.8
86.8
86.8
86.8
86.8
86.8
86.7
86.8
86.9
87.1
87.2
87.3
87.3
87.4
87.5
87.5
87.5
87.7
87.7
87.8
87.8
87.8
87.8
87.9
87.9
87.9
87.8
88.0
88.1
88.1
88.1
88.1
88.2
88.3
88.4
88.4
88.5
88.4
88.4
88.4
88.4
88.5
88.5
88.5
88.4
88.3
88.3
88.3
88.2
88.0
87.9
87.8
87.8
87.5
87.3
87.1
86.8
76.7
76.7
76.7
76.6
76.6
76.6
76.6
76.6
76.6
76.6
76.6
76.5
76.5
76.5
76.4
76.4
76.4
76.5
76.4
76.4
76.4
76.4
76.3
76.4
76.4
76.2
76.2
76.2
76.2
76.2
76.2
76.2
76.2
76.2
76.2
76.2
76.2
76.2
76.2
76.2
76.2
64.0
63.7
63.6
63.3
63.3
63.1
63.0
62.8
62.7
62.6
62.5
62.5
62.5
62.4
62.3
62.4
62.3
62.3
62.0
50.3
50.2
50.2
50.2
50.1
50.1
61.5
95.2
95.2
95.4
95.6
95.7
95.8
85.7
58.0
50.5
84.8
96.1
96.1
96.2
96.3
96.4
96.2
70.9
50.9
51.2
95.9
95.9
96.0
96.2
96.3
96.4
88.8
