26.1
45.9
30.5
30.3
30.4
30.3
30.3
30.4
30.4
30.4
30.4
30.3
30.4
30.4
30.4
30.6
30.5
30.6
30.6
30.4
30.5
30.4
30.4
30.5
30.4
30.4
30.4
30.4
30.4
30.4
30.3
30.3
30.3
30.3
30.4
30.4
30.3
30.5
30.4
30.5
30.5
30.3
30.4
30.3
30.3
30.3
30.3
30.3
30.3
30.4
30.3
30.3
30.3
30.3
30.3
30.3
30.3
30.3
30.3
30.4
30.3
30.3
30.3
30.3
30.3
30.2
30.3
30.3
30.3
30.4
30.3
30.2
30.3
30.3
30.3
30.3
30.3
30.3
30.3
30.4
30.4
30.4
30.4
30.4
30.4
30.5
30.4
30.4
30.5
30.5
30.5
30.5
30.5
30.5
30.4
30.3
30.1
30.0
29.9
29.8
29.6
29.5
29.4
29.4
29.3
29.3
29.2
29.1
29.1
29.1
29.1
29.0
29.0
29.2
29.5
30.0
30.5
31.0
31.1
31.2
31.6
31.9
32.1
32.4
32.2
32.2
32.1
32.3
32.5
32.7
32.6
32.4
32.3
32.3
32.2
32.1
32.1
32.0
32.0
31.9
32.1
32.3
32.1
32.3
32.2
32.1
32.0
32.0
31.9
31.8
31.8
31.9
32.1
32.3
32.1
32.1
32.1
32.0
32.2
32.4
32.5
32.6
32.7
32.8
32.9
33.1
33.0
33.1
33.0
33.1
33.2
33.2
33.0
32.8
32.7
32.6
32.4
32.5
32.6
32.4
32.4
32.3
32.2
32.1
32.0
31.9
31.9
31.8
31.8
31.8
31.7
31.7
31.7
31.7
31.7
31.6
31.6
31.9
32.1
32.3
32.6
32.7
32.7
32.9
33.0
33.1
32.9
33.0
33.1
32.8
32.8
32.9
33.0
33.1
33.0
33.0
32.9
41.6
29.5
29.5
29.3
29.3
29.2
29.2
29.1
29.0
29.0
28.9
28.9
28.7
28.7
28.7
28.7
28.7
28.6
28.5
28.6
28.6
28.6
28.6
28.5
28.5
28.6
28.6
28.5
28.5
28.5
28.5
28.4
28.5
28.4
28.4
28.4
28.4
28.4
28.4
28.4
28.4
28.3
28.4
28.3
28.3
28.4
28.4
28.4
28.3
28.4
28.5
28.5
28.6
28.5
28.5
28.5
28.5
28.5
28.5
28.6
28.5
28.6
28.6
28.5
28.5
28.5
28.5
28.5
28.5
28.5
28.5
28.5
28.4
28.4
28.4
28.5
28.5
28.6
28.5
28.5
28.5
28.5
28.5
28.4
28.5
28.4
28.5
28.5
28.5
28.5
28.6
28.6
28.5
28.5
28.5
28.6
28.6
28.6
28.6
28.6
28.6
28.6
28.5
28.5
28.4
28.5
28.5
28.5
28.5
28.5
28.5
28.5
28.5
28.5
28.6
28.6
28.6
28.6
28.5
28.6
28.7
28.6
28.6
28.6
28.5
28.5
28.5
28.5
28.4
28.5
28.5
28.5
28.4
28.4
28.4
28.5
28.5
28.5
28.4
28.4
28.5
28.5
28.4
28.4
28.4
28.5
28.5
28.5
28.4
28.5
28.5
28.5
28.5
28.4
28.4
28.4
28.5
28.5
28.4
28.4
28.4
28.5
28.4
28.4
28.5
28.5
28.6
28.6
28.6
28.6
28.6
28.6
28.6
28.5
28.5
28.6
28.5
28.6
28.5
28.6
28.6
28.6
28.5
28.5
28.5
28.5
28.5
28.6
28.5
28.6
28.5
28.6
28.5
28.5
28.6
28.6
28.6
28.6
28.5
28.6
28.6
28.5
28.5
28.6
28.5
28.5
28.6
28.6
28.5
28.6
28.5
28.6
28.5
28.5
28.5
28.6
28.6
28.6
28.6
28.6
28.6
28.6
28.6
28.5
28.6
28.5
28.5
28.5
28.5
28.5
28.5
28.5
28.5
28.4
28.4
28.5
28.5
28.5
28.5
28.5
28.5
28.4
28.4
28.4
28.2
28.2
28.2
28.2
28.2
28.1
28.1
28.2
28.2
28.1
28.2
28.1
28.1
28.1
28.1
28.1
28.1
28.1
28.1
28.1
28.1
28.1
28.1
28.1
28.0
28.0
28.0
28.1
28.1
28.1
28.1
28.2
28.2
28.2
28.1
28.2
28.2
28.2
28.2
28.1
28.1
28.1
28.1
28.1
28.2
28.1
28.1
28.2
28.1
28.1
28.1
28.0
28.0
28.1
28.0
28.2
28.1
28.1
28.1
28.1
28.1
28.1
28.1
28.1
28.1
28.1
28.1
28.0
28.0
28.0
28.0
27.9
27.9
27.9
27.9
27.9
27.9
27.9
27.9
27.9
27.9
27.8
27.8
27.8
27.8
27.9
27.8
27.8
27.8
27.8
27.9
27.9
27.9
27.9
27.9
27.9
27.9
28.0
27.9
27.8
27.7
27.7
27.7
27.7
27.7
27.7
27.6
27.5
27.6
27.5
27.5
27.5
27.5
27.6
27.6
27.7
27.7
27.7
27.7
27.7
27.7
27.7
27.7
27.7
27.7
27.7
27.7
27.7
27.6
27.5
27.5
27.5
27.5
27.5
27.5
27.5
27.6
27.5
27.6
27.6
27.6
27.6
27.6
27.6
27.6
27.7
27.6
27.6
27.5
27.5
27.5
27.5
27.5
27.5
27.5
27.4
27.4
27.5
27.5
27.5
27.5
27.5
27.5
27.6
27.6
27.6
27.6
27.6
27.6
27.6
27.6
27.7
27.7
27.7
27.7
27.7
27.7
27.7
27.7
27.6
27.7
27.7
27.6
27.6
27.6
27.7
27.7
27.7
27.6
27.6
27.7
27.6
27.6
27.6
27.6
27.6
27.6
27.6
27.6
27.6
27.5
27.5
27.5
27.5
27.6
27.6
27.6
27.6
27.6
27.6
27.6
27.7
27.7
27.6
27.7
27.7
27.7
27.7
27.8
27.7
27.6
27.6
27.6
27.6
27.6
27.6
27.6
27.6
27.6
27.6
27.5
27.5
27.6
27.6
27.6
27.7
27.6
27.7
27.7
27.6
27.6
27.6
27.7
27.7
27.7
27.7
27.7
27.7
27.6
27.6
27.5
27.5
27.5
27.5
27.5
27.5
27.5
27.6
27.6
27.7
27.6
27.6
27.6
27.6
27.6
27.6
27.6
27.6
27.6
27.6
27.6
27.6
