26.7
37.6
38.1
50.9
50.8
60.3
95.9
101.3
101.0
100.6
100.2
99.9
99.6
99.3
99.1
98.9
98.7
98.4
98.1
97.9
97.8
97.6
97.5
97.4
97.3
97.3
97.2
97.1
97.0
96.9
96.9
96.9
96.8
96.8
96.7
96.7
96.7
96.7
96.7
96.6
96.6
96.6
96.6
96.6
96.6
96.6
96.6
96.5
96.6
96.6
96.6
96.6
96.6
96.6
96.6
96.6
96.7
96.6
96.7
96.7
96.7
96.7
96.7
96.7
96.8
96.7
96.8
96.8
96.8
96.8
96.7
96.8
96.8
96.8
96.8
96.8
96.9
96.8
96.8
96.8
96.8
96.8
96.8
96.9
96.9
96.8
96.9
96.9
96.8
96.9
96.9
96.9
96.9
96.9
96.8
96.8
96.9
96.8
96.8
96.9
96.9
96.9
96.8
96.8
96.9
96.9
96.9
96.9
96.9
96.8
96.8
96.9
96.9
96.9
96.9
96.9
96.9
96.9
96.9
96.9
97.0
96.9
97.0
96.9
96.9
96.9
97.0
97.1
97.1
97.1
97.1
97.0
97.1
97.0
97.0
97.0
97.0
97.0
97.0
97.1
97.1
97.0
97.0
97.0
97.0
97.1
97.0
97.0
97.1
97.1
97.1
97.1
97.1
97.1
97.1
97.1
97.1
97.1
97.1
97.1
97.1
97.0
97.0
97.0
97.0
97.1
97.1
97.1
97.1
97.1
97.0
97.0
97.0
97.1
97.1
97.1
97.0
97.0
97.0
97.0
97.1
97.1
97.0
97.0
97.0
