33.6
67.4
75.7
76.1
76.5
76.9
77.2
77.5
77.8
78.0
78.3
78.5
78.7
79.0
79.3
79.5
79.7
79.9
80.0
80.2
80.3
80.4
80.3
80.1
80.0
79.8
79.7
79.6
79.5
79.5
79.4
79.3
79.3
79.2
79.2
79.2
79.2
79.2
79.2
79.2
79.2
79.2
79.2
79.3
79.2
79.2
79.2
79.2
wattsup: [error] Reading final time stamp: Bad address
79.2
79.2
79.2
79.2
79.2
79.2
79.2
79.3
79.3
79.3
79.3
79.2
79.2
79.2
79.1
79.1
79.1
wattsup: [error] Reading final time stamp: Bad address
79.2
78.9
79.1
79.6
79.9
80.1
80.3
80.4
80.4
80.5
80.5
80.6
80.6
80.3
wattsup: [error] Reading final time stamp: Bad address
79.8
79.6
79.6
79.5
79.5
79.5
79.5
79.5
79.4
79.5
79.5
79.4
79.5
79.4
79.5
79.4
79.4
79.5
79.5
wattsup: [error] Reading final time stamp: Bad address
79.4
79.4
79.4
79.4
79.3
79.4
79.3
79.3
79.3
79.4
79.3
79.3
79.3
79.4
79.4
79.4
79.4
79.4
79.3
79.3
79.3
79.3
79.3
79.3
78.9
79.4
79.7
79.9
80.0
80.3
80.5
80.6
80.6
80.6
80.6
80.7
80.7
80.7
80.5
80.4
80.3
80.1
80.0
79.9
79.9
79.8
wattsup: [error] Reading final time stamp: Bad address
79.6
79.6
79.5
79.6
wattsup: [error] Reading final time stamp: Bad address
79.4
79.5
79.4
79.4
79.4
79.4
79.4
79.4
79.4
79.4
79.4
79.3
79.4
79.4
wattsup: [error] Reading final time stamp: Bad address
79.3
79.3
79.3
79.3
79.3
wattsup: [error] Reading final time stamp: Bad address
79.3
79.4
79.4
79.4
79.3
79.3
79.3
79.3
79.3
79.3
79.3
79.1
79.6
80.0
80.1
80.3
80.4
80.5
80.6
wattsup: [error] Reading final time stamp: Bad address
80.7
80.8
80.8
80.9
80.9
81.0
81.0
81.1
81.1
81.1
81.2
81.1
81.1
81.0
81.0
80.9
80.9
80.9
80.9
80.9
80.7
80.5
80.4
80.3
80.1
80.1
80.0
79.9
80.0
79.9
79.9
79.8
79.7
79.7
79.6
79.6
79.6
79.5
79.5
79.5
79.4
79.4
79.3
79.2
79.2
79.2
79.2
79.2
79.1
79.1
79.1
79.1
79.1
79.1
79.1
79.2
79.2
79.2
79.2
79.2
79.2
79.1
79.1
79.1
79.1
79.1
79.2
79.2
79.1
79.2
79.2
79.2
79.2
79.2
79.2
79.2
79.2
79.2
79.2
79.2
78.8
79.1
79.3
79.5
79.7
79.8
80.0
80.1
80.2
80.3
80.3
80.3
80.3
80.3
80.3
80.3
80.3
80.3
80.4
80.4
80.3
80.1
80.1
79.9
79.9
79.8
79.7
79.7
79.6
79.6
79.6
79.5
79.5
79.5
79.5
79.4
79.4
79.4
79.4
79.5
79.5
79.4
79.4
79.4
79.4
79.4
79.4
79.4
79.4
79.4
79.4
79.4
79.4
79.4
79.4
79.4
79.4
79.4
79.4
79.4
79.4
79.3
79.3
79.3
79.3
79.3
79.4
79.4
79.4
79.4
79.4
79.4
79.4
79.4
79.4
79.4
79.4
79.4
79.4
79.4
79.4
79.3
79.3
79.3
79.3
79.4
79.4
79.4
79.4
79.4
79.4
79.3
79.3
79.3
79.3
79.3
79.3
79.3
79.3
