26.2
34.9
40.5
45.9
46.1
46.2
46.6
46.8
47.0
34.3
34.3
43.8
43.5
44.1
49.7
49.2
82.5
94.6
94.5
94.3
94.3
94.4
94.5
94.6
94.6
94.8
94.7
94.6
94.6
94.5
94.6
94.7
94.8
94.8
94.8
94.9
94.8
94.9
94.9
95.0
95.1
95.3
95.2
95.2
95.2
95.3
95.3
95.4
95.5
95.5
95.3
95.3
95.4
95.3
95.3
95.5
95.5
95.6
95.7
95.9
95.9
95.9
95.9
95.7
95.7
95.6
95.6
95.7
95.8
95.7
95.7
95.9
95.9
95.9
96.0
96.0
95.9
95.8
95.8
95.8
95.8
95.7
95.8
95.9
96.0
95.9
95.9
95.8
95.7
95.6
95.7
95.7
95.8
95.8
95.8
96.0
96.0
95.9
95.8
77.1
65.9
93.8
94.0
94.1
94.1
94.2
94.3
94.2
94.2
94.2
94.2
94.3
94.4
94.7
94.7
94.8
94.8
94.8
94.7
94.7
94.8
94.9
94.8
94.7
94.7
94.7
94.7
94.7
94.7
94.5
94.5
94.5
94.7
94.7
94.8
94.7
94.6
94.6
94.7
94.8
94.9
94.9
94.8
94.7
94.8
94.6
94.5
94.7
94.7
94.7
94.6
94.8
94.8
94.7
94.5
94.3
94.3
94.3
94.5
94.5
94.6
94.4
94.2
94.3
94.2
94.1
94.0
93.9
93.8
94.0
94.2
94.4
94.5
94.6
94.6
94.8
95.0
95.1
95.0
94.9
94.9
94.8
94.7
94.7
94.7
94.7
94.5
94.5
94.4
94.2
94.2
94.3
94.3
94.3
94.4
94.6
94.5
94.5
94.5
94.6
94.6
94.5
94.2
94.2
94.4
94.4
94.4
94.5
94.4
94.3
94.4
94.1
94.1
94.1
94.3
94.2
94.2
94.2
94.3
94.1
94.0
93.9
93.9
94.0
94.3
94.5
94.3
94.2
94.2
94.3
94.5
94.4
94.3
94.2
94.2
94.2
94.3
94.4
94.5
94.5
94.6
94.4
94.4
94.3
94.3
94.3
94.2
94.2
94.2
94.3
94.3
94.2
94.2
94.3
94.3
94.2
94.3
94.3
94.4
94.5
94.6
94.7
94.4
94.3
94.4
94.6
94.5
94.5
94.4
94.4
94.4
94.4
94.4
94.3
94.4
94.6
94.6
94.5
94.6
94.7
94.7
94.6
94.4
94.2
94.4
94.5
94.5
94.5
94.3
94.3
94.5
94.6
94.4
94.4
94.5
94.5
94.5
94.7
94.7
94.6
94.5
94.5
94.5
94.4
94.3
94.4
94.6
94.7
94.8
94.8
94.8
94.9
94.9
94.9
94.8
94.5
94.5
94.8
95.1
95.1
95.0
94.9
94.8
95.0
95.0
95.0
94.8
94.8
94.7
94.9
95.0
94.9
94.8
94.8
94.7
94.7
94.6
94.5
94.3
94.3
94.3
94.4
94.5
94.6
94.8
95.0
95.0
94.9
94.9
94.9
94.8
94.7
94.7
94.7
94.7
94.5
94.7
94.7
94.6
94.4
94.4
94.4
94.5
94.4
94.5
94.6
94.6
94.7
94.6
94.5
94.4
94.2
94.2
94.2
94.3
94.3
94.3
94.1
94.2
94.2
94.0
94.0
94.2
94.3
94.5
94.6
94.7
94.7
94.5
94.5
94.6
94.5
94.6
94.4
94.4
94.3
94.4
94.7
94.8
94.8
94.8
94.7
94.8
94.7
94.5
94.3
94.5
94.6
94.7
94.7
94.7
94.6
94.6
94.7
94.7
94.8
95.0
95.1
95.1
95.0
94.9
95.1
95.2
95.2
95.2
95.1
95.1
95.2
95.2
95.1
95.1
95.1
95.2
95.3
95.4
95.7
96.0
96.3
96.5
96.6
96.9
97.0
97.1
97.1
96.9
96.7
96.7
96.7
96.6
96.5
96.3
96.1
95.9
95.6
95.3
95.1
95.1
94.8
94.5
94.3
94.1
93.8
93.5
93.4
93.2
93.0
93.1
92.8
92.8
92.8
92.7
92.5
92.7
93.0
93.2
93.2
93.2
93.1
93.2
93.1
92.9
93.2
93.2
93.3
93.3
93.3
93.3
93.6
93.4
93.5
93.6
93.6
93.6
93.7
93.5
93.1
92.9
93.0
93.2
93.4
93.8
93.9
94.0
94.1
94.0
93.8
93.5
93.6
93.6
93.7
93.9
94.1
94.0
93.8
93.5
93.1
92.8
92.4
92.3
91.9
91.8
91.9
92.2
92.3
92.3
92.2
92.0
92.0
92.0
91.9
91.7
91.4
91.4
91.4
91.5
91.4
91.2
90.9
91.1
91.1
91.2
91.3
91.2
91.0
90.8
90.7
90.8
90.6
90.6
90.3
90.4
90.7
90.6
90.9
91.1
91.2
91.3
91.3
91.4
91.5
91.4
91.5
91.3
91.4
91.4
91.1
91.1
91.0
91.5
91.8
92.1
92.3
92.3
92.1
91.6
91.6
91.8
91.8
91.9
91.9
92.0
92.1
92.0
92.1
92.2
92.4
92.9
93.1
93.2
93.2
93.3
93.2
93.1
93.1
93.3
93.8
93.9
93.9
94.0
93.8
93.7
93.7
94.0
94.1
94.1
94.0
93.8
93.6
93.6
93.6
93.5
93.7
93.7
94.0
94.1
94.1
94.0
94.1
94.2
94.2
94.1
94.1
93.9
93.7
93.9
94.0
94.0
94.1
94.0
93.9
93.9
94.0
93.9
93.7
93.5
93.9
94.0
94.0
94.0
94.1
94.1
94.4
94.3
94.1
93.8
93.8
93.8
93.8
94.1
94.0
93.8
93.8
93.7
93.6
93.6
93.5
93.6
93.8
93.8
93.8
93.9
93.9
94.0
94.1
94.2
94.2
94.0
94.0
94.0
94.0
93.9
94.1
94.0
93.9
93.8
93.8
93.9
93.9
93.7
93.7
93.6
93.6
93.6
93.7
93.5
93.4
93.4
93.2
93.2
93.3
93.4
93.4
93.3
93.4
93.5
93.4
93.4
93.3
93.1
93.3
93.3
93.5
93.6
93.6
93.5
93.5
93.4
93.5
93.6
93.6
93.4
93.5
93.5
93.5
93.3
93.4
93.6
93.6
93.5
93.6
93.6
93.6
93.7
93.9
93.8
93.9
94.0
93.8
93.6
93.5
93.7
93.9
93.9
93.9
93.9
94.0
94.1
94.2
94.0
93.9
93.9
93.8
93.9
94.0
94.0
93.9
93.9
93.9
93.9
93.9
93.9
93.9
94.0
94.0
94.0
93.8
93.8
93.8
93.8
94.1
93.9
93.8
93.6
93.4
93.3
93.5
93.6
93.7
93.6
93.5
93.6
93.5
93.5
93.6
93.6
93.6
93.7
93.9
93.9
93.9
93.8
93.7
94.0
94.1
94.0
93.9
93.7
93.6
93.8
93.8
93.9
94.0
94.1
94.1
94.2
93.9
93.8
94.0
94.2
94.3
94.3
94.3
94.4
94.3
94.1
94.1
94.4
94.3
94.5
94.4
94.3
94.0
94.0
94.1
94.2
94.2
94.2
94.3
94.2
94.3
94.4
94.4
94.4
94.3
94.2
94.3
94.4
94.3
94.2
93.9
93.8
93.9
94.1
94.1
94.2
94.1
94.0
94.0
93.9
93.7
93.7
93.9
94.1
94.1
94.1
93.9
93.9
93.9
94.1
94.2
94.2
94.2
94.4
94.4
94.4
94.5
94.6
94.4
94.2
94.4
94.5
94.5
94.5
94.7
94.7
94.5
94.2
94.1
93.9
94.1
94.0
wattsup: [error] Reading final time stamp: Bad address
94.2
94.2
94.3
94.2
94.5
94.6
94.4
94.5
94.7
94.6
94.3
94.2
94.2
94.0
93.7
93.4
48.8
93.1
93.3
93.2
93.3
93.5
93.7
93.9
93.9
94.1
94.2
94.3
94.0
wattsup: [error] Reading final time stamp: Bad address
94.1
94.0
94.2
93.9
93.6
87.7
69.0
49.9
