25.8
25.7
25.7
25.7
25.7
25.7
25.7
25.7
25.7
25.6
25.9
43.0
43.0
43.0
43.1
43.1
43.1
43.1
43.2
43.2
43.0
26.4
26.2
26.2
26.2
26.1
26.0
26.0
25.9
25.9
25.9
42.2
42.3
42.4
42.5
42.6
42.7
42.8
42.9
42.9
43.0
27.0
26.8
26.7
26.6
26.6
26.6
26.7
26.6
26.6
26.5
36.4
43.4
43.4
43.3
43.3
43.3
43.3
43.3
43.3
43.3
33.9
26.0
25.9
25.9
25.9
25.8
25.9
25.8
25.8
25.8
25.9
43.2
43.2
43.2
43.2
43.2
43.2
43.2
43.2
43.2
43.2
26.4
26.3
26.2
26.2
26.1
26.0
26.0
25.9
25.9
25.9
35.7
43.2
43.2
43.2
43.3
43.3
43.3
43.3
43.3
43.3
33.9
25.7
25.7
25.6
25.7
25.7
25.7
25.7
25.8
25.7
26.3
43.0
43.0
43.0
43.1
43.1
43.1
43.1
43.1
