26.1
33.6
33.4
39.5
44.9
45.0
45.1
45.3
45.6
45.8
45.8
40.3
45.7
45.8
46.1
45.7
45.8
86.5
94.4
94.4
94.5
94.5
94.6
94.5
94.4
94.1
94.0
93.6
93.2
87.5
87.6
87.9
88.5
94.0
94.1
94.0
94.0
93.8
93.4
93.4
93.4
93.4
93.6
93.6
93.8
93.8
93.8
94.0
94.1
94.2
94.4
94.5
94.6
94.7
94.9
95.2
95.4
95.6
95.5
95.6
95.7
95.8
95.9
95.8
95.8
95.7
95.8
96.0
95.9
96.0
96.0
95.8
95.7
95.4
95.4
95.4
95.3
95.3
95.5
95.6
95.7
95.6
95.6
95.6
95.6
95.6
80.7
50.1
50.1
50.0
50.0
50.0
49.9
49.8
49.6
49.6
49.6
49.4
49.3
49.3
49.3
49.2
49.2
49.2
49.2
49.1
49.0
