26.2
50.9
56.5
56.5
56.5
56.5
56.6
56.7
56.8
57.0
57.1
57.1
57.2
57.2
57.3
57.2
57.2
57.1
57.1
57.1
57.1
57.2
57.3
57.3
57.4
57.5
57.5
57.5
57.6
57.5
57.4
57.3
57.3
57.2
57.2
57.3
57.4
57.4
57.5
57.5
57.5
57.6
57.6
57.5
57.4
57.3
57.2
57.2
57.2
57.3
57.3
57.5
57.5
57.6
57.6
57.6
57.7
57.5
57.4
57.4
57.4
57.3
57.3
57.4
57.5
57.5
57.6
57.6
57.6
57.6
57.7
57.6
57.4
57.3
57.3
57.2
57.2
57.3
57.4
57.5
57.5
57.6
57.6
57.6
57.6
57.5
57.4
57.3
57.3
57.3
57.2
57.3
57.4
57.5
57.5
57.6
57.6
57.7
57.7
57.5
57.4
57.4
57.3
57.3
57.3
57.3
57.4
57.5
57.6
57.6
57.6
57.7
57.7
57.5
57.4
57.3
57.3
57.3
57.3
57.4
57.5
57.6
57.6
57.6
57.7
57.7
57.7
57.6
57.5
57.4
57.3
57.3
57.3
57.4
57.5
57.5
57.7
57.7
57.7
