26.0
35.9
36.5
30.7
30.7
30.7
30.7
30.7
30.7
30.7
30.7
30.6
30.6
30.6
30.5
30.4
30.2
30.1
30.0
29.8
29.7
29.6
29.6
29.5
29.5
29.5
29.4
29.4
29.4
29.4
29.4
29.2
39.9
30.5
30.4
30.4
30.4
30.2
30.2
30.1
30.1
30.1
30.0
30.0
30.0
29.8
29.7
29.5
29.5
29.5
29.5
29.5
29.4
29.3
29.3
29.3
29.2
29.2
29.3
29.2
29.1
29.1
41.1
41.6
42.0
42.4
36.4
30.7
30.6
30.6
30.7
30.7
30.6
30.4
30.4
30.4
30.3
30.1
30.1
30.0
29.9
29.9
29.9
29.8
29.7
29.8
29.7
29.6
29.7
29.6
29.6
29.6
29.8
29.8
29.7
29.8
29.8
29.7
29.6
29.5
29.4
29.4
29.3
29.2
29.2
29.2
29.2
29.2
29.2
29.5
29.6
29.4
29.3
29.3
29.2
29.2
29.1
29.1
29.1
29.1
29.2
29.2
29.2
29.3
29.4
29.4
29.4
29.4
29.4
29.5
29.5
29.5
29.4
29.3
29.4
29.5
29.4
29.3
29.3
29.3
29.2
29.0
28.9
34.3
43.8
43.8
43.9
44.1
44.3
30.9
30.8
30.6
30.6
30.5
30.4
30.3
30.3
30.3
30.2
30.1
30.1
30.1
30.0
29.9
29.7
29.6
29.5
29.4
29.4
29.3
29.2
29.2
29.3
29.2
29.2
29.1
29.0
29.0
29.0
40.1
30.9
30.7
30.6
30.6
30.6
30.4
30.4
30.4
30.4
30.4
30.2
30.2
30.1
30.0
30.0
29.9
29.7
29.6
29.6
29.5
29.5
29.4
29.2
29.2
29.2
29.3
29.3
29.1
29.2
29.3
29.6
