26.6
32.0
49.7
49.5
61.9
86.1
69.8
58.2
82.5
46.5
53.8
53.2
53.8
82.3
82.5
83.0
83.6
84.0
83.5
84.0
84.4
77.8
58.6
58.5
39.5
55.5
55.7
86.9
68.0
60.5
83.2
54.9
54.8
54.2
62.6
85.9
85.8
86.1
86.4
85.9
86.0
86.5
86.9
80.0
58.8
36.1
52.0
52.4
79.6
79.1
69.2
69.0
68.6
56.5
49.0
55.9
72.8
87.9
87.8
88.0
87.9
87.4
87.6
87.9
88.2
63.6
55.7
29.7
44.7
55.5
66.7
86.9
70.7
56.3
89.0
51.3
51.3
51.2
61.9
87.3
87.2
87.7
87.8
80.7
87.3
87.7
87.8
64.4
59.0
30.7
55.1
54.9
81.7
81.8
81.2
68.8
69.1
55.5
55.0
55.1
70.3
87.9
87.8
87.7
88.0
87.4
87.6
88.1
88.1
68.8
