26.2
33.9
47.4
57.4
69.8
70.3
70.8
76.5
76.4
76.3
76.2
76.0
75.9
75.7
75.3
75.2
75.2
75.1
75.0
74.5
48.0
62.8
75.9
76.0
75.8
75.7
75.6
68.2
76.7
76.7
76.5
76.3
76.1
68.4
48.4
65.5
74.6
74.7
75.1
74.6
74.6
74.7
74.7
74.7
75.0
75.3
75.3
75.2
75.2
75.2
69.8
63.2
48.8
74.0
74.1
74.3
74.4
74.5
74.6
74.7
75.1
75.3
69.0
75.3
75.3
75.4
75.7
75.9
75.8
75.8
76.0
75.9
75.5
49.0
63.6
72.6
72.9
73.2
73.6
73.8
74.1
74.7
74.9
75.0
75.2
68.8
76.7
76.8
76.8
76.7
66.7
49.3
69.8
75.5
75.5
75.5
75.6
75.9
69.8
75.7
75.7
75.9
76.0
76.3
76.3
76.3
76.3
76.2
70.1
78.0
77.8
77.6
77.4
77.3
55.9
55.6
75.9
75.9
76.0
76.2
76.2
69.4
75.9
75.9
76.1
76.3
76.3
76.3
76.3
76.2
76.2
75.8
75.9
76.0
76.0
76.0
75.9
75.9
75.8
75.9
76.1
76.2
68.6
75.5
75.5
75.5
75.8
75.9
75.9
75.9
75.9
75.9
57.8
52.0
74.8
74.6
74.7
74.8
74.9
74.9
74.9
75.1
75.4
75.5
75.3
68.8
77.3
77.4
77.3
77.1
76.9
76.8
76.7
76.6
76.6
61.5
49.3
77.3
69.4
75.9
75.8
75.8
76.0
76.3
76.3
76.3
76.2
76.2
70.5
77.5
77.3
77.2
67.1
48.8
69.2
76.5
76.5
76.4
76.6
76.7
76.7
69.2
75.7
75.7
75.9
76.2
76.2
76.1
76.1
76.1
76.1
75.7
75.7
75.7
75.8
75.8
75.8
75.8
75.7
49.3
63.6
76.9
76.8
76.6
69.4
76.9
77.0
77.1
76.9
76.9
76.7
76.6
76.5
76.5
76.4
75.9
75.9
75.9
75.9
75.9
75.9
76.0
76.3
76.2
76.2
69.2
75.7
63.0
49.3
76.3
76.2
76.1
76.1
76.1
76.0
76.1
76.1
76.3
75.8
75.8
75.8
75.8
75.9
76.1
49.0
61.7
75.5
75.5
75.5
75.6
75.2
75.3
75.4
75.4
75.5
75.4
75.5
75.6
75.6
76.0
49.0
61.3
68.8
75.9
75.8
76.1
76.2
76.2
76.1
76.1
76.2
76.2
76.1
68.2
75.7
75.7
75.7
75.8
76.0
76.2
76.1
76.1
76.1
76.0
75.4
75.7
75.7
75.7
53.0
53.3
75.7
75.7
75.7
75.8
76.0
76.2
69.2
75.7
75.7
75.7
75.8
76.2
76.2
76.2
76.1
76.1
76.0
75.6
75.7
75.7
75.7
75.7
70.5
49.0
65.9
75.5
75.7
75.9
75.9
69.2
75.5
75.5
75.7
75.9
75.9
75.9
75.9
75.9
75.9
75.9
75.5
75.5
75.7
75.8
75.8
75.8
75.8
75.9
76.1
76.3
76.2
69.2
76.3
76.3
76.5
76.5
64.0
49.3
71.7
72.2
72.6
73.1
73.5
73.4
73.7
74.0
74.2
74.4
74.6
74.8
75.2
75.3
50.7
59.0
76.9
69.8
77.5
77.3
77.1
77.0
76.8
76.7
76.5
76.4
76.4
76.5
75.8
75.8
75.8
75.8
75.8
75.9
76.1
76.2
76.2
51.7
57.4
75.5
74.9
75.2
75.3
75.4
75.4
75.5
75.5
75.8
75.8
75.9
76.1
69.8
75.5
75.5
75.5
75.6
75.9
76.0
75.9
75.9
75.9
75.9
75.3
75.5
75.6
75.6
53.2
53.5
75.5
75.5
75.5
75.6
75.8
76.0
69.0
75.9
75.8
75.8
76.2
76.4
76.3
76.3
76.2
76.1
76.1
75.6
75.7
75.7
75.7
75.7
75.7
75.7
75.7
61.9
49.3
77.5
77.3
69.4
75.7
75.7
75.9
76.1
76.2
76.1
76.1
76.0
76.0
75.9
75.6
75.7
75.8
75.8
75.8
57.6
52.0
75.7
75.8
76.1
76.2
76.2
69.2
75.9
75.9
76.2
76.3
76.3
76.3
76.3
76.2
76.2
76.2
75.7
75.7
75.8
75.8
75.8
58.0
51.3
75.9
76.1
76.3
76.5
76.4
69.0
75.9
76.0
76.2
76.2
76.2
76.2
76.1
76.1
76.1
76.1
75.7
75.7
75.8
75.8
75.8
75.8
75.7
49.3
63.8
77.5
77.3
77.2
69.4
75.9
76.1
76.3
76.3
76.3
76.3
76.3
76.3
76.2
76.1
75.7
75.7
75.6
75.7
75.7
75.7
75.7
75.8
76.0
49.5
59.9
75.7
69.0
78.0
77.9
77.7
77.4
77.2
77.0
76.9
76.7
76.6
76.5
76.0
75.9
75.9
75.8
76.0
76.0
76.1
76.2
76.2
76.3
51.5
