31.6
55.7
55.7
55.7
55.7
55.7
55.7
55.8
55.8
55.9
56.0
56.0
56.0
56.0
56.0
56.0
56.0
56.0
55.9
55.9
55.9
56.0
56.0
56.1
56.1
56.1
56.1
56.1
56.1
56.1
56.1
56.1
56.0
56.0
56.0
56.1
56.1
56.2
56.2
56.2
56.1
56.1
56.1
56.1
56.1
56.1
56.1
56.0
56.0
56.1
56.2
56.2
56.3
56.2
56.2
56.1
56.1
56.1
56.1
56.1
56.0
56.0
56.0
56.1
56.2
56.2
56.2
56.2
56.2
56.2
56.1
56.1
56.1
56.1
56.1
56.0
56.1
56.1
56.2
56.2
56.3
56.3
56.2
56.2
56.2
56.2
56.2
56.2
56.1
56.1
56.1
56.2
56.3
56.3
56.3
56.3
56.3
56.2
56.3
56.2
56.2
56.2
56.1
56.1
56.1
56.1
56.2
56.3
56.3
56.3
56.2
56.2
56.2
56.2
56.2
56.2
56.2
56.1
56.1
56.2
56.2
56.3
56.3
56.3
56.3
56.2
56.2
56.2
56.2
56.2
56.2
56.1
56.2
56.3
56.3
56.4
56.4
56.3
56.3
