26.0
78.8
85.7
85.7
85.8
85.9
86.0
86.0
86.1
86.2
86.3
86.4
86.5
86.6
86.7
86.8
86.8
86.9
87.0
87.1
87.1
87.2
87.3
87.3
87.4
87.4
87.4
87.5
87.5
87.5
87.6
87.6
87.6
87.6
87.7
87.7
87.7
87.8
87.7
87.8
87.8
87.8
87.8
87.8
87.8
87.8
87.8
87.9
87.9
87.9
87.9
87.9
87.9
87.9
87.9
87.9
88.0
87.9
87.9
87.9
87.9
88.0
87.9
88.0
88.0
88.0
88.0
88.0
88.0
88.0
88.0
88.0
88.0
88.1
88.0
88.0
88.1
88.0
88.1
88.1
88.1
88.1
88.1
88.1
88.1
88.1
88.0
88.1
88.1
88.1
88.1
88.0
88.1
88.1
88.1
88.0
88.1
88.1
88.1
88.1
88.1
88.1
88.1
88.1
88.1
88.1
88.1
88.1
88.2
88.2
88.2
88.2
88.2
88.2
88.2
88.2
88.2
88.2
88.2
88.2
88.2
88.2
88.2
88.2
88.2
88.2
88.3
88.2
88.3
88.3
88.3
88.3
88.3
88.3
88.3
88.2
88.2
88.3
88.3
88.3
88.3
88.3
88.3
88.3
88.3
88.3
88.3
88.2
88.2
88.3
88.2
88.2
88.2
88.2
88.2
88.3
88.2
88.2
88.2
88.2
88.3
88.2
88.2
88.2
88.2
88.3
88.2
88.2
88.2
88.2
88.2
88.1
88.1
87.8
87.7
87.6
87.5
87.3
87.2
81.9
76.1
76.1
76.1
75.8
61.3
61.3
61.3
