26.2
42.4
53.8
78.4
78.6
93.4
84.6
68.6
61.9
88.8
88.7
94.8
86.3
64.4
63.7
63.1
62.8
83.0
96.7
96.8
96.9
87.7
60.1
76.5
60.9
79.6
31.4
56.9
46.8
46.6
46.5
46.6
46.9
47.1
47.3
47.1
46.8
47.1
47.3
47.5
27.4
48.4
48.4
48.4
48.4
48.5
48.6
48.6
48.6
48.5
48.5
48.5
48.6
34.7
43.0
48.8
48.7
48.7
48.7
48.6
82.7
93.8
93.8
93.9
94.0
94.1
94.2
94.1
94.3
94.4
94.5
94.7
94.8
95.0
95.0
95.0
95.1
95.2
95.1
95.1
95.2
95.2
95.3
95.3
95.4
95.5
95.6
95.6
95.6
95.7
95.8
95.7
95.7
95.7
95.8
96.0
96.1
96.1
96.0
96.0
95.9
95.9
96.0
96.1
96.0
96.0
96.0
96.0
96.0
96.0
96.0
95.9
95.9
96.0
96.1
95.9
95.9
95.9
96.0
96.1
96.0
96.1
96.2
96.2
96.1
96.1
96.2
96.2
96.2
95.9
87.1
50.7
50.9
51.4
51.2
51.2
51.8
87.5
76.5
94.6
94.6
94.6
94.8
94.8
94.9
