25.9
26.0
25.9
25.9
25.9
25.8
25.8
25.7
25.7
25.7
25.7
36.6
43.0
43.0
43.0
43.1
43.1
43.1
43.1
43.1
43.1
32.6
26.0
25.9
25.9
25.8
25.8
25.8
25.8
25.8
25.7
34.1
43.6
43.5
43.5
43.5
43.5
43.5
43.4
43.4
43.4
35.9
26.0
25.9
25.9
25.8
25.8
25.8
25.8
25.7
25.7
25.8
43.2
43.2
43.2
43.2
43.2
43.2
43.2
43.2
43.3
43.2
26.6
26.5
26.4
26.3
26.2
26.2
26.1
26.1
26.0
26.0
38.2
43.4
43.3
43.4
43.3
43.3
43.3
43.3
43.3
43.4
31.4
25.7
25.7
25.6
25.6
25.7
25.7
25.7
25.7
25.7
32.2
43.2
43.2
43.2
43.2
43.2
43.2
43.2
43.2
43.2
37.4
26.6
26.4
26.3
26.3
26.2
26.1
26.1
26.0
26.0
26.1
42.0
42.1
42.3
42.5
42.5
42.6
42.7
42.8
42.9
