26.5
55.9
55.9
56.5
57.0
57.3
57.8
57.8
57.2
57.3
57.7
58.0
58.3
58.3
58.2
58.0
57.8
57.7
57.6
57.5
57.4
57.9
58.1
58.6
58.5
58.7
58.8
59.1
59.2
58.9
58.7
58.4
58.2
58.0
57.9
57.8
57.7
58.0
58.5
58.8
59.1
59.2
58.9
58.8
59.0
58.6
58.5
58.8
58.7
58.5
58.3
58.1
58.0
57.9
57.8
57.7
58.0
57.9
58.3
58.4
58.9
59.1
59.1
59.2
59.2
59.3
59.0
58.8
58.7
58.5
58.3
58.2
58.0
57.9
58.5
58.7
58.3
58.5
58.6
58.8
59.1
59.1
58.7
59.0
59.2
59.2
59.0
58.8
58.6
58.5
58.3
58.2
58.1
58.3
58.4
59.0
59.2
53.8
61.5
61.6
61.5
61.2
61.1
54.0
60.5
60.2
59.8
59.5
59.2
59.0
58.8
58.7
58.6
58.4
58.3
58.7
58.8
59.0
59.3
59.3
59.4
59.5
59.8
59.8
59.6
59.4
59.1
59.0
58.8
58.6
58.5
58.4
58.3
58.4
58.9
59.3
59.3
53.6
60.5
60.4
60.7
60.7
60.7
60.4
60.1
59.9
59.6
59.3
59.1
58.9
58.8
58.6
58.5
58.3
58.2
58.2
58.4
58.7
58.9
58.4
58.9
59.4
59.8
59.5
59.8
59.9
59.7
59.4
59.2
59.1
58.9
58.8
58.7
58.6
58.4
58.3
58.2
58.2
58.1
58.1
58.0
58.1
58.7
58.8
59.3
59.4
59.6
59.3
59.1
59.0
59.2
59.5
59.7
59.5
59.3
59.1
58.9
58.8
58.7
58.6
58.4
58.4
58.3
58.2
58.2
58.4
58.5
58.3
58.4
58.5
58.5
58.8
59.2
59.3
59.3
59.6
59.8
59.7
59.8
59.6
59.4
59.2
59.0
58.9
58.8
58.7
58.6
58.5
58.5
58.8
59.0
58.9
53.8
59.7
59.9
59.9
59.8
59.9
60.3
60.2
60.6
60.5
60.2
59.9
59.7
59.4
59.3
59.0
58.9
58.8
58.7
58.5
58.5
58.4
58.4
59.0
59.5
59.5
59.8
59.8
59.2
53.8
59.0
59.3
59.4
59.4
59.1
59.2
59.2
59.7
59.6
59.6
59.4
59.1
58.9
58.7
59.2
59.2
59.9
53.8
