26.7
31.8
81.7
81.7
82.1
82.2
82.2
82.3
82.1
69.6
69.3
69.1
69.0
68.8
68.7
68.6
68.5
68.4
68.4
68.3
68.2
68.1
68.1
68.2
68.1
68.1
68.0
68.0
68.0
67.9
68.0
68.0
67.9
67.9
68.0
68.0
68.0
67.9
68.0
67.9
67.9
67.9
67.9
67.9
68.0
68.0
68.0
68.1
68.0
68.0
68.1
68.1
68.0
68.1
68.1
68.1
68.1
68.1
68.1
68.1
68.2
68.2
68.2
68.2
68.2
68.2
68.2
68.2
68.2
68.2
68.3
68.3
68.3
68.3
68.3
68.3
68.3
68.3
68.3
68.3
68.4
68.4
68.4
68.4
68.4
68.4
68.4
68.4
68.4
68.4
68.5
68.4
68.5
68.5
68.5
68.5
68.5
68.5
68.5
68.5
68.5
68.3
68.0
67.9
67.7
67.6
67.4
67.4
67.6
67.7
67.8
67.9
68.0
68.2
68.3
68.4
68.4
68.4
68.5
68.5
68.6
68.6
68.6
68.7
68.7
68.6
68.7
68.7
68.7
68.8
68.8
68.8
68.8
68.9
68.8
68.8
68.8
68.9
68.9
68.9
68.9
68.9
69.0
69.0
68.9
68.9
69.0
69.0
68.9
69.0
69.0
69.0
69.0
69.1
69.0
69.1
69.1
69.1
69.1
69.1
69.1
69.1
69.1
69.2
69.2
69.2
69.2
69.2
69.2
69.2
69.2
69.2
69.3
69.3
69.2
69.3
69.3
69.3
69.2
69.3
69.3
69.3
69.3
69.3
69.3
69.3
69.3
69.3
69.3
69.3
69.3
69.3
69.4
69.3
69.3
69.3
69.2
69.3
69.3
69.3
69.3
69.3
69.3
69.3
69.2
69.2
69.3
69.2
69.2
69.2
69.2
69.2
69.3
69.3
69.3
69.3
69.3
69.3
69.3
69.3
69.3
69.2
69.2
69.2
69.2
69.2
69.2
69.2
69.2
69.2
69.2
69.2
69.2
69.2
69.1
69.2
69.2
69.2
69.2
69.2
69.2
69.2
69.2
69.3
69.2
69.3
69.3
69.2
69.2
69.3
69.2
69.2
69.2
69.2
69.1
69.2
69.2
69.1
69.1
69.1
69.1
69.1
69.1
69.2
69.1
69.1
69.2
69.2
69.1
69.2
69.1
