26.7
44.5
45.1
50.5
50.3
50.3
50.2
50.0
50.0
50.0
50.0
50.0
49.9
49.3
48.9
48.4
48.0
47.6
47.2
46.9
46.6
46.3
46.0
45.8
45.6
45.5
45.3
45.2
45.0
44.9
44.8
44.7
44.7
44.6
44.6
44.4
44.4
44.4
44.3
44.2
44.2
44.2
44.1
44.1
44.1
44.1
44.0
44.0
44.0
43.9
43.9
43.9
43.9
43.9
43.9
43.9
43.9
43.9
43.9
43.9
43.9
44.0
44.0
44.0
44.0
44.1
44.1
44.1
44.2
44.2
44.2
44.3
44.3
44.3
44.4
44.4
44.4
44.5
44.5
44.5
44.5
44.5
44.5
44.5
44.5
44.6
44.6
44.6
44.7
44.7
44.7
44.7
44.7
44.7
44.7
44.7
44.7
44.7
44.6
44.7
44.7
44.7
44.8
44.8
44.8
44.9
45.0
45.0
45.1
45.1
45.1
45.2
45.3
45.3
45.3
45.3
45.4
45.4
45.5
45.5
45.5
45.5
45.6
45.6
45.6
45.6
45.6
45.7
45.7
45.7
45.8
45.8
45.8
45.8
45.8
45.9
45.9
45.9
46.0
46.0
46.0
46.1
46.1
46.2
46.2
46.3
46.3
46.4
46.4
46.4
46.5
46.5
46.6
46.6
46.6
46.6
46.7
46.7
46.7
46.8
46.8
46.8
46.8
46.8
46.8
46.8
46.9
46.9
46.9
46.9
46.9
46.9
46.9
46.9
46.9
46.9
47.0
47.0
47.0
47.0
47.0
47.1
47.1
47.2
47.3
47.4
47.6
47.6
47.8
48.0
48.1
48.2
48.4
48.6
48.7
48.9
49.0
49.1
49.2
49.3
49.4
49.5
49.6
49.7
49.8
49.9
50.0
50.0
50.1
50.1
50.1
50.2
50.2
50.2
50.2
50.2
50.3
50.3
50.3
50.3
50.3
50.3
50.4
50.4
50.4
50.4
50.3
50.4
50.4
50.4
50.4
50.3
50.3
50.3
50.3
50.3
50.3
50.3
50.4
50.4
50.4
50.4
50.4
50.4
50.4
50.3
50.3
50.3
50.3
50.3
50.3
50.3
50.2
50.2
50.3
50.3
50.2
50.2
50.2
50.2
50.2
50.1
50.2
50.2
50.2
50.2
50.1
50.1
50.1
50.1
50.1
50.1
50.1
50.1
50.2
50.1
50.1
50.1
50.2
50.1
50.1
50.1
50.1
50.0
50.1
50.1
50.1
50.1
50.0
