38.6
90.6
96.3
96.3
96.3
96.4
96.5
96.5
96.6
96.8
96.9
96.9
97.1
97.2
97.4
97.5
97.6
97.8
97.9
98.0
98.1
98.2
98.3
98.4
98.5
98.5
98.6
98.6
98.7
98.7
98.7
98.8
98.8
98.9
98.9
98.9
98.9
98.9
99.0
99.0
99.0
99.0
99.0
99.0
99.1
99.1
99.1
99.1
99.2
99.2
99.2
99.2
99.2
99.2
99.3
99.3
99.3
99.3
99.3
99.3
99.3
99.3
99.4
99.4
99.4
99.4
99.4
99.4
99.4
99.4
99.4
99.4
99.4
99.5
99.5
99.5
99.5
99.5
99.5
99.5
99.5
99.5
99.5
99.5
99.5
99.5
99.6
99.6
99.6
99.6
99.5
99.6
99.6
99.6
99.5
99.6
99.6
99.6
99.6
99.6
99.7
99.6
99.6
99.7
99.7
99.7
99.7
99.7
99.7
99.7
99.7
99.7
99.7
99.7
99.7
99.7
99.8
99.8
99.8
99.7
99.7
99.8
99.8
99.8
99.7
99.8
99.7
99.7
99.7
99.8
99.8
99.8
99.8
99.8
99.8
99.8
99.8
99.8
99.9
99.8
99.8
99.8
99.8
99.9
99.9
99.9
99.8
99.8
99.9
99.8
99.8
99.9
99.9
99.8
99.8
99.9
99.9
99.8
99.8
99.9
99.9
99.9
99.9
99.9
99.9
99.9
99.9
99.8
99.3
99.0
98.6
98.4
98.1
97.6
