33.0
50.7
50.2
50.1
50.2
50.3
50.5
50.4
50.4
50.3
49.7
49.1
48.7
48.2
47.8
54.0
92.7
92.8
93.0
93.2
93.4
93.5
93.7
93.8
94.0
94.1
94.2
94.3
94.4
94.5
94.6
94.7
94.7
94.8
94.9
94.9
95.0
95.1
95.1
95.2
95.2
95.3
95.4
95.4
95.4
95.4
95.5
95.5
95.5
95.5
95.6
95.5
95.6
95.6
95.6
95.6
95.7
95.7
95.7
95.7
95.7
95.7
95.7
95.7
95.7
95.8
95.8
95.8
95.8
95.8
95.8
95.8
95.9
95.9
95.9
95.9
95.9
95.9
95.9
95.9
95.9
95.9
95.9
95.9
95.9
95.9
96.0
95.9
95.9
96.0
95.9
96.0
96.0
96.0
96.0
96.0
96.0
96.0
96.0
96.0
96.0
96.0
96.0
96.0
96.0
96.0
96.0
96.0
96.0
96.0
96.0
96.0
96.0
96.0
96.1
96.1
96.0
96.0
96.0
96.1
96.1
96.0
96.1
96.1
96.1
96.1
96.1
96.1
96.1
96.1
96.1
96.1
96.1
96.1
96.1
96.1
96.1
96.1
96.1
96.1
96.1
96.1
96.1
96.1
96.1
96.1
96.1
