34.7
87.1
92.3
92.4
92.5
92.6
92.7
92.7
92.9
93.2
93.3
93.3
93.4
93.4
93.5
93.6
93.5
93.5
93.6
93.7
93.9
93.9
93.9
93.9
94.1
94.0
94.0
94.1
94.1
94.3
94.3
60.3
49.0
92.3
84.2
93.8
94.4
94.3
94.1
94.0
87.7
94.2
94.0
94.0
94.1
94.1
94.1
94.1
94.1
94.1
94.0
94.1
94.2
94.2
94.4
94.4
94.4
94.3
94.3
94.2
94.2
94.2
94.2
94.2
94.0
94.1
94.1
94.2
94.3
94.2
94.1
94.2
94.1
94.3
94.3
94.2
93.8
83.2
55.9
43.4
49.3
49.1
77.5
98.6
86.1
95.2
95.0
95.5
96.1
96.5
96.8
96.6
79.6
99.8
99.8
99.8
99.6
99.7
87.5
88.0
87.6
93.8
93.8
94.0
94.2
94.3
94.5
94.7
94.9
95.1
95.1
95.1
95.1
95.1
95.2
95.3
95.6
95.7
95.6
95.5
95.5
95.6
95.7
95.6
95.6
95.5
95.8
95.8
95.7
95.7
95.7
95.4
95.2
95.0
95.0
95.0
95.0
95.0
95.1
95.1
95.1
95.2
95.3
95.3
95.3
95.2
95.3
95.5
95.5
95.7
95.6
95.7
95.6
95.6
95.5
95.5
95.6
95.6
95.6
95.7
95.8
96.0
95.9
95.8
95.6
95.4
95.4
95.5
95.5
95.6
95.5
95.5
95.4
95.2
95.2
95.2
95.1
94.9
94.9
94.8
94.9
95.2
95.3
95.2
95.1
95.2
95.2
95.2
95.1
95.3
95.3
95.4
95.5
95.3
95.2
95.2
95.3
95.3
95.2
95.2
95.3
95.3
95.3
95.1
95.0
95.1
95.4
95.5
95.5
94.9
78.0
