26.2
35.1
45.7
45.5
31.2
31.1
31.0
31.1
31.0
36.8
37.0
37.2
37.3
37.1
37.2
37.3
37.7
38.2
61.3
91.5
91.9
60.7
54.0
78.2
94.8
95.2
95.7
96.1
96.5
96.7
97.0
97.3
97.6
97.8
97.9
98.2
98.4
98.5
98.7
98.9
99.0
99.1
99.2
99.3
99.3
99.4
99.5
99.5
99.6
99.7
99.7
99.7
99.7
99.7
99.4
99.4
99.5
99.5
99.6
99.2
99.0
99.1
99.2
99.3
99.4
99.5
99.5
99.5
99.6
99.6
99.6
99.7
99.7
99.8
99.8
99.8
99.9
99.9
99.9
99.9
99.9
99.9
100.0
99.9
99.9
99.9
99.9
99.9
99.9
99.9
100.0
100.0
99.9
100.0
100.0
100.0
100.1
100.0
100.0
99.9
99.9
99.9
99.9
99.9
99.9
99.9
99.9
99.9
99.9
99.9
99.9
99.9
99.9
100.0
99.9
99.9
99.9
99.8
99.8
99.3
99.4
99.4
99.5
99.5
99.6
92.3
99.8
99.8
99.8
99.9
99.8
99.8
99.7
99.8
99.9
99.9
99.9
99.9
99.9
99.9
100.0
100.0
99.9
99.9
99.9
99.8
99.7
99.6
99.6
99.6
99.6
99.6
99.7
99.7
99.7
99.7
99.7
99.7
99.8
99.8
99.8
99.8
99.8
99.7
99.7
99.8
99.8
99.7
99.7
99.8
99.8
99.9
99.8
99.8
99.3
99.4
99.4
99.4
99.5
99.5
99.6
99.6
99.7
99.7
99.7
99.8
99.8
99.8
99.9
99.9
100.0
99.9
100.0
99.9
99.9
99.9
100.0
100.0
100.0
100.0
100.0
99.9
99.9
100.0
100.0
100.0
100.0
100.1
100.2
100.2
100.2
100.2
100.1
100.1
100.1
100.1
100.1
100.1
100.1
100.1
100.1
100.1
100.0
100.1
100.1
100.1
100.1
100.1
100.1
100.1
100.1
100.2
100.1
100.1
100.0
99.6
99.6
99.7
99.7
99.8
99.9
100.0
100.1
100.1
100.1
100.2
100.2
100.2
100.2
100.3
100.2
100.3
100.3
100.3
100.3
100.3
92.1
98.8
98.9
99.0
99.2
99.3
99.5
99.5
99.6
99.7
99.7
99.8
99.8
99.9
99.9
99.9
99.9
99.9
99.9
99.9
99.9
99.9
100.0
99.9
99.9
99.9
100.0
100.0
99.9
99.9
99.9
99.9
99.9
92.5
99.8
99.8
99.8
99.8
99.2
99.4
99.4
99.5
99.5
99.6
99.7
99.7
99.8
99.8
99.9
92.9
100.0
99.9
100.0
100.0
100.0
100.1
100.0
100.0
100.0
100.0
100.0
100.1
100.1
100.1
100.1
100.0
99.9
99.9
99.9
99.9
99.9
100.0
100.0
100.0
99.9
100.0
100.0
100.0
100.0
100.0
99.9
99.9
100.0
92.5
99.6
99.6
99.7
99.7
99.7
99.3
99.3
99.5
99.5
99.5
99.7
99.7
99.7
99.8
99.8
99.9
99.9
100.0
100.0
100.0
100.0
99.9
100.0
99.9
100.0
100.0
100.0
100.0
100.0
100.0
100.0
100.0
100.0
100.0
100.0
100.0
99.9
99.9
100.0
100.0
100.0
100.1
100.0
100.0
100.1
100.1
100.1
100.1
100.1
100.1
100.1
100.1
100.1
100.1
99.7
99.8
99.8
99.8
99.8
99.8
99.9
99.9
100.0
100.0
100.0
100.0
99.9
100.0
99.9
99.9
99.9
99.9
100.0
100.0
100.0
100.0
100.0
100.0
100.0
99.9
99.9
99.9
100.0
100.0
100.0
100.0
100.0
100.1
100.2
100.2
100.2
100.2
100.2
100.2
100.2
100.2
100.2
100.2
100.2
100.2
100.2
100.2
100.2
100.2
100.2
100.2
100.2
100.2
100.2
100.2
100.2
100.2
100.1
100.1
100.2
100.2
100.3
100.2
100.3
100.0
100.0
100.0
100.1
100.1
100.1
100.2
100.2
100.1
100.2
100.2
100.2
100.2
100.2
100.2
100.2
100.3
100.2
100.2
100.2
100.2
100.2
100.3
100.2
100.1
100.2
100.1
100.1
100.1
100.1
100.0
100.0
100.0
100.0
100.0
100.0
100.0
100.0
100.0
100.0
100.0
100.1
100.0
100.0
100.1
100.0
100.0
100.1
100.0
99.9
99.9
99.9
99.9
99.9
99.8
99.8
99.9
99.9
99.9
99.9
99.9
99.9
99.9
99.9
99.9
99.8
99.8
99.8
99.8
99.8
99.8
99.9
99.9
99.9
100.0
100.0
100.0
99.9
99.9
100.0
99.9
99.9
100.0
100.0
100.0
100.1
100.0
100.1
100.1
100.1
100.1
100.1
100.0
94.2
100.2
100.1
100.1
100.1
100.0
100.0
99.9
99.9
99.9
100.0
100.0
100.0
100.0
100.0
100.0
100.1
100.1
100.1
100.1
100.1
100.1
100.1
100.1
100.1
100.2
100.2
95.0
100.2
100.2
100.1
100.1
100.2
100.2
100.2
100.2
100.1
100.2
100.2
100.2
100.2
100.2
100.2
100.2
100.2
100.1
100.1
100.1
100.2
100.2
100.2
100.2
100.3
100.2
100.2
100.1
100.2
100.2
100.2
100.2
100.2
100.3
100.2
100.3
100.4
100.3
100.3
100.3
100.2
100.2
100.2
100.2
100.1
100.0
100.0
100.1
100.1
100.1
100.1
100.1
100.1
100.1
100.1
100.1
100.0
100.0
100.0
100.0
100.0
100.0
100.0
100.1
100.0
100.0
100.1
100.0
100.0
99.9
99.9
99.9
99.5
99.2
99.3
99.3
99.4
99.4
99.6
99.6
99.6
99.7
99.8
99.8
99.8
99.8
99.8
99.8
99.8
99.7
99.7
99.7
99.7
99.7
99.8
99.8
99.9
99.8
99.8
99.8
99.9
99.9
99.9
99.9
99.9
100.0
100.0
100.0
100.0
100.0
100.0
100.0
100.0
100.0
100.0
100.0
99.9
100.0
100.0
100.0
100.0
100.0
100.0
100.0
100.0
100.0
99.9
99.9
99.9
99.9
99.9
99.9
99.9
100.0
99.9
99.9
99.8
99.8
99.9
99.8
99.8
99.9
99.9
99.9
99.7
99.8
99.8
99.8
99.8
99.9
99.9
99.9
100.0
99.9
99.9
100.0
99.9
99.9
99.9
99.9
99.9
100.0
100.0
100.0
100.0
100.0
99.9
99.9
99.9
99.8
99.9
99.9
99.9
99.4
99.4
99.5
99.6
99.6
99.6
99.7
99.7
99.7
99.8
99.8
99.6
99.7
99.7
99.8
99.9
99.9
99.9
99.8
99.9
99.9
99.9
99.9
99.9
99.9
99.9
99.9
99.9
100.0
100.0
100.0
100.0
100.0
100.0
100.1
100.0
100.1
100.1
100.0
100.0
100.0
100.0
100.0
100.0
100.1
100.2
100.2
100.2
100.2
100.2
100.1
100.1
100.1
100.1
100.1
100.1
100.0
100.0
100.1
100.0
99.9
99.9
99.9
100.0
100.0
100.1
100.0
100.0
100.0
100.0
100.0
100.0
100.0
100.1
100.0
100.1
100.0
100.1
100.2
100.2
100.3
100.4
100.4
100.4
100.3
100.3
100.3
100.2
100.2
100.2
100.1
100.1
100.1
100.0
100.1
100.1
100.0
100.0
100.0
100.0
100.0
100.0
100.0
100.0
100.0
99.9
99.9
99.9
99.9
99.9
99.9
99.9
99.9
99.9
99.9
99.9
99.9
99.9
99.9
99.9
100.0
99.9
99.9
99.9
99.9
100.0
99.4
99.4
99.5
99.5
99.6
99.6
99.6
99.6
99.7
99.7
99.8
99.8
99.9
99.8
99.9
100.0
99.9
99.9
100.0
100.0
100.0
100.0
99.9
99.9
99.9
99.9
99.9
100.0
100.0
99.9
100.0
100.0
100.0
100.0
100.0
100.0
99.9
100.0
100.0
100.0
100.0
100.0
100.0
100.0
100.0
100.1
100.0
100.0
100.1
100.1
100.1
100.1
100.1
100.1
100.1
100.1
100.1
100.1
100.1
100.1
100.1
100.1
100.1
100.1
100.1
100.1
100.1
100.1
100.1
100.1
100.0
100.1
100.1
100.1
100.1
100.1
100.1
100.2
100.2
100.2
100.2
100.1
100.2
100.2
100.1
100.2
100.1
100.1
100.2
100.2
100.2
100.2
100.2
100.2
100.1
100.1
100.1
100.0
100.0
100.0
100.0
100.0
100.1
100.0
100.1
100.1
100.1
100.1
100.1
100.0
100.0
100.0
100.0
100.0
100.1
100.1
100.1
100.1
100.0
100.1
100.1
99.7
99.4
99.5
99.5
99.6
99.6
99.7
99.7
99.8
99.9
99.8
100.0
100.0
100.0
100.1
100.1
100.1
100.1
100.1
100.1
100.1
100.1
100.1
100.1
100.2
100.2
100.2
100.1
100.1
100.1
100.0
100.0
100.1
100.1
100.1
100.1
100.0
100.1
100.1
100.1
100.1
100.1
100.2
100.2
100.2
100.2
100.2
100.2
100.2
100.3
100.3
100.3
100.4
100.3
100.3
100.3
100.3
100.3
100.3
100.3
100.3
100.3
100.3
100.3
100.3
100.4
100.4
100.3
100.3
100.3
100.2
100.3
100.3
100.3
100.4
100.3
100.3
100.4
100.4
100.3
100.3
100.4
100.4
100.3
100.4
100.4
100.3
100.4
100.3
100.3
100.3
100.2
100.2
100.2
100.2
100.2
100.2
100.2
100.1
100.1
100.0
100.1
100.1
100.1
100.1
100.1
100.2
100.2
100.1
100.2
100.2
100.2
100.4
100.4
100.4
100.4
100.4
100.3
100.3
100.3
100.2
100.2
100.1
100.1
100.1
100.1
100.2
100.1
100.1
100.1
100.1
100.0
100.1
100.1
100.1
100.0
100.0
99.9
99.9
99.9
100.0
100.0
100.1
99.9
99.9
99.9
99.9
99.9
100.0
100.0
100.0
100.0
100.0
100.1
100.1
100.1
100.1
100.1
100.1
100.1
100.1
100.1
100.0
100.0
100.1
100.1
100.1
100.1
100.1
100.1
100.2
100.2
100.2
100.2
100.2
100.2
90.6
99.6
99.6
99.6
99.7
99.7
99.9
99.9
99.9
99.9
100.0
100.1
100.0
99.9
99.9
99.9
99.9
99.9
99.8
99.9
99.8
99.8
99.8
99.8
99.8
99.9
99.9
99.9
99.9
99.9
99.9
99.9
100.0
100.0
100.0
100.0
100.0
100.0
100.0
99.9
99.3
99.4
99.5
99.6
99.7
99.8
99.8
99.8
99.8
99.8
99.8
99.9
99.9
99.9
100.0
100.0
100.0
100.0
100.0
100.0
100.0
100.1
100.1
100.2
100.1
100.1
100.1
100.2
100.2
100.2
100.2
100.2
100.3
100.2
100.2
100.2
100.3
100.3
100.3
100.3
100.3
100.3
100.2
100.3
100.2
100.2
100.2
100.1
100.1
100.2
100.1
100.1
100.1
100.1
100.0
100.0
100.0
100.0
100.0
99.9
100.0
100.0
100.1
100.1
100.1
99.7
99.7
99.6
59.4
53.0
52.8
52.5
52.3
52.2
52.1
52.0
52.0
51.8
51.6
51.7
42.6
53.0
52.7
52.4
46.1
51.3
51.4
51.5
51.8
51.7
51.5
87.9
57.6
57.4
50.7
50.6
50.6
50.6
50.6
86.5
86.6
86.6
97.5
97.5
97.6
97.6
97.7
97.4
97.0
75.3
85.9
61.1
93.8
93.2
74.4
94.2
81.9
93.4
87.1
74.4
97.3
97.4
97.5
97.6
97.6
97.7
97.7
97.9
97.9
98.0
98.1
98.2
98.2
98.3
98.5
98.5
98.6
98.6
98.6
98.7
98.6
98.5
98.5
98.5
98.5
98.3
98.3
98.3
98.4
98.4
98.5
98.5
98.5
98.6
98.5
98.6
90.2
98.1
98.1
98.2
98.2
98.2
98.2
98.2
98.3
98.4
98.5
98.6
98.7
98.8
98.9
98.9
98.9
98.9
99.0
99.0
99.1
99.0
99.0
99.1
99.1
99.1
99.1
99.2
99.2
99.2
99.1
99.1
99.2
99.2
99.2
99.2
99.2
99.2
99.3
99.2
99.3
99.3
99.3
91.7
98.3
98.3
98.3
98.5
93.4
93.9
99.0
99.0
99.1
99.0
99.1
99.1
99.2
99.2
99.3
99.3
99.3
99.4
99.5
99.4
99.4
99.5
99.5
99.5
99.6
99.6
99.4
99.4
99.3
99.2
99.3
99.2
99.3
99.3
99.4
99.4
99.3
99.4
99.4
99.5
99.5
99.5
99.5
92.7
72.6
40.9
40.7
41.1
49.5
49.3
37.2
37.4
37.8
38.3
43.8
43.9
32.8
32.7
44.5
62.4
49.5
41.8
41.9
35.5
29.9
30.0
30.0
30.0
30.1
30.0
30.5
30.7
31.2
38.2
49.7
34.1
34.2
42.6
42.2
41.7
41.2
33.0
39.7
34.5
34.0
33.5
33.2
33.3
33.2
32.6
32.5
32.8
33.2
33.8
34.2
34.5
34.6
35.0
35.0
34.8
34.7
34.2
33.8
33.7
33.4
33.0
32.6
32.3
32.2
32.6
32.3
31.9
32.0
31.8
31.5
31.3
30.9
31.1
38.4
38.2
38.0
37.8
