26.1
37.4
49.3
101.7
101.8
102.0
102.3
102.5
102.7
103.0
103.1
103.3
103.5
103.7
103.9
104.0
104.2
104.3
104.5
104.6
104.7
104.9
105.0
105.0
105.1
105.2
105.3
105.4
105.5
105.5
105.5
105.4
105.3
105.3
105.3
105.3
105.3
105.3
105.4
105.5
105.5
105.6
105.5
105.6
105.5
105.4
105.3
105.3
105.2
105.2
105.2
105.3
105.4
105.5
105.6
105.7
105.8
105.9
106.0
106.0
106.1
106.3
106.3
106.4
106.4
106.5
106.5
106.6
106.6
106.6
106.7
106.7
106.7
106.7
106.7
106.6
106.6
106.7
106.7
106.6
106.6
106.6
106.6
106.7
106.6
106.6
106.6
106.6
106.7
106.6
106.7
106.7
106.6
106.7
106.7
106.7
106.7
106.7
106.7
106.7
106.7
106.7
