35.7
56.1
56.2
56.2
56.3
56.3
56.4
56.6
56.8
56.9
57.0
57.1
57.2
57.2
57.2
57.1
57.1
57.0
57.0
57.0
57.0
57.1
57.2
57.3
57.3
57.4
57.4
57.4
57.4
57.3
57.2
57.1
57.1
57.1
57.2
57.3
57.3
57.4
57.5
57.5
57.6
57.6
57.6
57.4
57.3
57.3
57.3
57.2
57.2
57.3
57.4
57.5
57.6
57.5
57.4
57.4
57.2
57.2
57.4
57.6
57.6
57.7
wattsup: [error] Reading final time stamp: Bad address
57.4
57.4
57.5
57.6
57.7
57.7
57.7
wattsup: [error] Reading final time stamp: Bad address
57.4
57.4
57.5
57.6
57.6
57.7
57.7
57.8
57.8
57.8
57.6
57.5
57.5
57.4
57.4
57.5
57.6
57.6
57.7
57.7
57.8
57.8
57.8
57.7
57.6
57.5
57.5
57.5
57.4
57.5
57.6
57.7
57.7
57.8
57.8
57.8
57.8
57.8
57.7
57.5
57.5
57.5
57.4
57.5
57.6
57.8
57.8
57.9
57.9
57.9
