49.7
77.8
77.8
77.9
98.1
98.1
97.6
97.6
98.0
98.4
89.8
89.8
89.8
89.8
99.6
99.6
99.0
91.7
91.6
91.4
91.2
91.1
91.4
102.7
102.7
102.7
102.6
102.5
102.4
102.5
102.5
101.9
87.5
87.6
87.7
94.4
94.4
94.2
93.7
93.3
92.9
93.2
93.4
93.6
93.2
93.0
92.7
103.5
103.8
104.0
104.2
104.4
104.6
104.4
104.3
104.2
103.9
103.8
103.6
103.6
103.7
103.7
103.4
103.1
102.8
102.4
102.1
101.8
101.9
102.3
102.7
102.8
102.8
102.9
102.9
103.0
103.1
102.9
102.7
102.5
102.2
101.9
101.7
101.8
102.1
102.4
102.6
102.8
103.0
103.0
103.0
102.9
103.2
103.8
104.3
104.7
105.1
105.4
105.2
104.6
104.1
103.7
103.3
103.0
102.9
102.8
102.7
102.6
102.3
102.2
102.1
102.1
102.1
102.4
108.3
108.3
107.9
101.1
101.1
101.1
101.2
101.4
101.5
101.5
101.6
101.6
101.7
101.8
101.7
101.6
