26.5
34.5
34.2
34.3
34.4
34.2
34.3
34.2
34.2
34.3
34.1
34.2
34.3
34.1
34.3
34.0
34.2
33.9
34.1
34.1
34.0
34.1
33.9
34.0
33.8
33.9
33.7
33.9
33.9
33.8
34.0
34.0
34.0
34.1
33.9
34.1
34.1
34.0
34.1
33.9
34.0
33.9
33.9
34.1
33.8
34.0
34.1
33.9
34.1
34.1
34.1
34.2
34.0
34.1
34.0
33.9
34.1
33.8
34.0
34.0
33.9
34.0
33.8
34.0
33.7
33.9
33.7
33.8
33.9
33.8
33.9
33.7
33.9
33.8
33.8
34.0
33.8
33.9
33.8
33.9
34.0
33.8
34.0
34.1
33.9
34.0
34.0
33.9
34.0
34.0
34.0
34.1
33.9
34.0
33.8
33.9
34.0
33.9
34.0
33.8
33.9
34.0
33.8
34.0
33.7
33.9
34.0
33.7
33.9
33.7
33.8
33.9
33.7
33.8
33.7
33.7
33.9
33.6
33.8
33.9
33.7
33.9
33.9
33.9
34.0
33.8
33.9
33.7
33.9
33.7
33.8
33.9
33.7
33.8
33.9
33.7
33.8
33.7
33.8
33.6
33.7
33.8
33.7
33.8
33.6
33.7
33.8
33.6
33.8
33.7
33.7
33.8
33.6
33.7
33.5
33.7
33.7
33.6
33.7
33.6
33.7
33.5
33.6
33.8
33.6
33.7
33.8
33.7
33.8
33.6
33.8
33.9
33.7
33.8
33.7
33.8
33.9
33.7
33.9
34.0
33.7
33.9
33.7
33.8
33.8
33.7
33.9
