25.9
41.3
40.6
30.9
30.9
30.9
30.8
30.7
30.8
30.8
30.7
30.7
30.6
30.6
30.5
30.6
30.6
30.5
30.5
30.5
30.6
30.5
30.5
30.5
30.6
30.6
30.6
30.6
30.6
30.6
30.6
30.5
30.5
30.6
30.6
30.7
30.6
30.5
30.6
30.6
30.6
30.4
30.2
30.0
29.9
29.8
29.6
29.6
29.5
29.5
29.4
29.4
29.3
29.3
29.3
29.3
29.3
29.2
29.2
29.1
39.1
30.3
30.2
30.2
30.2
30.1
30.0
30.1
30.1
30.1
30.0
30.0
30.0
30.0
30.0
29.9
29.9
29.9
29.9
29.9
29.9
29.9
29.9
30.0
30.0
29.9
29.9
30.0
30.0
29.9
29.9
29.9
29.9
29.9
29.9
29.8
29.8
29.9
29.9
29.9
29.8
29.6
29.5
29.4
29.3
29.2
29.1
29.1
29.1
29.1
29.0
29.0
29.1
29.1
29.2
29.1
29.1
29.1
29.1
37.6
46.3
46.2
46.2
46.0
45.8
45.7
45.1
31.4
31.2
31.1
31.0
30.7
30.5
30.4
30.3
30.2
30.0
30.0
29.9
29.8
29.8
29.7
29.6
29.5
29.5
29.5
29.4
29.3
29.3
29.3
29.5
29.6
29.8
29.8
29.9
30.0
30.1
30.1
30.3
30.4
30.6
30.7
30.7
30.7
30.6
30.4
30.3
30.2
30.1
30.1
30.0
30.0
29.9
29.9
29.8
29.8
29.8
29.9
30.0
30.2
30.2
30.1
30.1
30.2
30.2
30.4
30.4
30.4
30.3
30.2
30.2
30.2
30.3
30.3
30.4
30.6
30.5
30.4
30.4
30.4
30.4
30.5
30.5
30.5
30.4
30.4
30.2
30.1
30.1
30.0
29.9
29.9
29.8
29.8
29.9
29.9
30.0
30.0
29.9
29.9
29.9
29.9
29.8
29.8
29.8
29.8
29.8
29.7
29.7
29.9
29.9
30.0
30.0
29.9
30.0
29.9
30.0
30.0
30.0
29.9
29.9
29.9
29.9
29.9
29.8
29.7
29.7
29.7
29.6
29.6
29.6
29.6
29.6
29.8
29.9
29.9
29.9
29.9
30.0
30.1
30.1
30.0
30.0
30.0
29.9
29.9
29.9
29.8
29.8
29.8
29.8
29.9
29.8
29.7
29.8
29.8
29.9
29.9
29.9
29.9
29.9
29.9
29.9
29.9
30.0
30.0
30.0
29.9
29.9
29.8
29.8
29.8
29.7
29.7
29.7
29.7
29.7
29.7
29.7
29.7
29.7
29.9
29.8
29.8
29.8
29.9
30.1
30.2
30.4
30.4
30.3
30.3
30.3
30.2
30.1
30.0
30.0
29.9
29.9
30.0
30.2
30.1
30.0
30.0
29.8
29.8
29.8
29.8
29.8
30.0
30.0
30.0
29.9
30.1
30.3
30.4
30.5
30.4
30.3
30.2
30.1
30.0
29.9
29.7
29.7
29.6
29.6
29.5
29.4
29.4
29.3
29.3
29.2
29.1
29.1
29.0
29.0
29.0
29.0
29.0
28.9
28.9
28.8
28.8
28.9
28.8
28.8
28.9
29.0
29.1
29.2
29.2
29.1
29.2
29.2
29.2
29.3
29.3
29.4
29.4
29.5
29.6
29.6
29.5
29.5
29.5
29.6
29.6
29.6
29.5
29.6
29.6
29.6
29.7
29.6
29.6
29.7
29.7
29.7
29.7
29.9
30.1
30.3
30.4
30.4
30.3
30.2
30.2
30.1
30.1
30.0
30.0
29.9
29.9
29.9
29.9
29.8
29.8
29.9
29.9
29.8
29.8
29.8
29.8
29.8
29.9
29.9
29.9
29.8
29.8
29.8
29.8
29.7
29.7
29.7
29.7
29.7
29.7
29.7
29.7
29.8
29.8
29.8
29.8
29.9
29.8
29.8
29.9
29.9
29.8
29.8
29.7
29.7
29.7
29.6
29.6
29.6
29.6
29.6
29.7
29.6
29.6
29.5
29.5
29.7
29.6
29.7
29.7
29.7
29.6
29.7
29.7
29.7
29.7
29.6
29.5
29.4
29.4
29.4
29.5
29.5
29.5
29.4
29.4
29.4
29.4
29.4
29.4
29.4
29.4
29.5
29.4
29.3
45.1
45.1
45.0
45.1
45.2
45.1
45.1
45.0
45.1
45.1
33.4
32.9
32.5
32.2
32.0
31.7
31.5
31.4
31.2
31.1
30.9
30.8
30.7
30.7
30.6
30.5
30.4
30.4
30.4
30.3
30.2
30.2
30.1
30.1
30.1
30.0
30.0
30.0
30.0
30.0
29.9
29.9
29.9
30.0
30.0
29.9
30.0
30.0
30.0
30.0
29.9
29.9
29.8
29.6
29.5
29.3
29.2
29.2
29.2
29.1
29.1
29.0
29.0
29.1
29.2
29.2
29.2
29.1
29.1
40.5
30.3
30.3
30.3
30.3
30.3
30.2
30.2
30.3
30.2
30.1
30.1
30.1
30.0
30.0
30.0
30.1
30.0
30.0
30.0
30.0
30.0
30.0
30.0
30.0
30.0
30.0
30.0
30.0
30.0
30.0
30.0
29.9
30.0
29.9
29.9
30.0
29.9
29.9
29.8
29.7
29.5
29.4
29.3
29.2
29.1
29.1
29.1
29.1
29.1
29.1
29.2
29.2
29.2
29.2
29.2
29.1
29.1
35.3
46.3
46.2
