26.0
65.3
46.8
46.8
46.9
47.0
47.1
47.2
46.9
54.0
53.6
47.0
47.0
47.1
47.1
47.2
38.0
65.3
46.8
46.8
46.9
47.0
47.1
47.1
39.1
63.2
47.2
47.2
47.2
47.3
47.3
47.4
47.1
47.6
53.2
47.2
47.2
47.3
47.3
47.3
47.4
37.0
65.5
47.0
47.0
47.1
47.2
47.2
47.3
41.1
62.8
47.0
47.0
47.1
47.1
47.2
47.2
40.9
63.2
47.0
47.0
47.1
47.1
47.2
47.2
38.2
65.1
46.8
46.8
46.9
47.0
47.0
47.1
37.8
61.5
47.2
47.2
47.3
47.3
47.4
47.2
55.7
47.2
47.2
47.3
47.3
47.2
55.9
47.2
47.2
47.3
47.3
47.4
35.5
62.4
47.4
47.4
47.4
47.5
47.5
53.8
48.6
48.4
48.3
48.2
48.2
41.1
51.1
50.6
78.6
47.4
47.3
47.3
47.3
47.5
47.7
47.8
47.8
47.8
47.8
47.8
47.8
