26.6
33.4
33.0
32.9
33.2
33.2
33.1
33.2
32.9
32.4
32.5
32.8
33.0
33.1
33.1
33.1
33.0
33.1
33.1
33.0
33.0
33.0
33.0
32.8
32.6
32.4
32.1
31.8
31.5
31.4
31.3
31.2
31.1
31.1
31.0
31.0
31.0
31.1
31.1
31.1
31.2
31.3
46.5
36.8
36.7
36.7
37.1
72.6
87.3
94.0
93.8
93.8
93.8
93.8
93.7
93.7
93.8
93.7
93.7
93.6
93.6
93.5
93.5
93.5
93.5
93.6
93.6
93.5
93.6
93.6
93.6
93.6
93.5
93.4
93.6
93.6
93.5
93.5
93.4
93.3
93.4
93.3
93.2
93.1
93.1
93.0
93.0
92.9
92.9
92.9
92.9
92.8
92.8
92.8
92.8
92.7
92.7
92.7
92.6
92.6
92.6
