26.0
52.4
101.1
101.3
101.7
102.2
102.7
103.1
103.4
103.7
104.1
104.4
104.6
105.0
105.2
105.5
105.7
105.9
106.0
105.7
105.7
105.9
106.0
106.1
106.3
106.4
106.6
106.7
106.8
106.9
107.0
107.0
107.1
107.1
107.2
107.2
107.3
107.4
107.4
107.5
107.5
107.5
107.6
107.7
107.8
107.8
107.8
107.8
107.8
107.8
107.8
107.8
107.7
99.2
106.7
106.7
106.8
106.9
107.0
107.1
107.2
107.2
107.3
107.3
107.3
107.4
107.4
107.5
107.5
107.6
107.6
107.6
107.6
107.7
107.7
107.7
107.7
107.8
107.9
107.9
107.9
107.9
107.8
107.8
107.8
107.8
107.6
93.4
105.0
105.4
105.8
105.7
105.9
106.3
106.6
106.8
107.0
107.2
107.4
107.5
107.6
107.8
107.9
107.9
107.5
107.5
107.5
107.6
107.7
107.7
107.8
107.9
108.0
108.0
108.1
108.1
108.2
108.2
108.3
108.3
108.3
108.4
108.4
108.5
108.5
108.5
108.6
108.6
108.6
108.6
108.6
108.6
108.0
107.9
107.9
107.8
107.9
107.9
107.9
108.0
108.0
108.1
108.1
108.1
108.2
108.2
108.3
108.3
108.3
108.3
108.3
108.3
108.3
108.2
108.2
108.2
108.2
108.2
108.2
108.2
108.2
108.2
108.1
108.1
108.2
108.2
108.3
108.3
108.3
108.4
108.4
108.4
108.5
108.5
108.5
108.5
108.5
108.5
108.6
108.5
108.5
108.5
108.4
108.4
101.5
94.2
108.7
108.2
108.2
108.1
108.2
108.2
108.3
108.4
108.5
108.6
108.6
108.7
108.9
109.0
109.0
109.0
109.0
109.0
108.9
102.7
103.3
103.9
104.4
104.9
105.3
105.7
106.0
106.4
106.8
107.1
107.4
107.6
107.8
108.0
108.1
108.3
108.4
108.5
108.5
108.7
108.7
108.8
108.8
108.9
108.9
109.0
108.9
109.0
109.0
108.9
108.9
108.8
108.6
108.3
99.8
106.9
106.9
107.0
107.1
107.3
107.4
107.5
107.6
107.8
107.9
108.1
108.2
108.3
108.4
108.5
108.6
108.7
108.7
108.7
108.8
108.8
108.9
109.0
109.0
109.1
109.1
109.2
109.2
109.2
109.2
109.2
109.1
108.9
108.6
76.7
107.7
107.8
107.9
107.5
107.5
107.6
107.7
107.8
107.9
108.0
108.0
108.1
108.1
108.2
108.3
108.3
108.4
108.4
108.5
108.5
108.6
108.7
108.7
108.7
108.8
108.8
108.8
108.7
108.6
103.5
104.0
104.5
104.9
105.3
105.7
106.0
106.2
106.4
106.6
106.8
107.0
107.1
107.2
107.3
107.4
107.5
107.6
107.7
107.8
107.8
107.9
108.0
108.0
108.1
108.2
108.3
108.3
108.3
108.4
108.4
108.4
108.4
108.4
108.5
108.5
108.6
108.6
108.6
108.5
108.6
108.5
108.5
108.5
108.5
108.5
108.5
108.5
108.5
108.4
108.4
108.4
108.3
94.2
94.2
107.9
107.9
107.9
108.0
101.9
108.1
108.1
108.1
108.1
108.1
108.1
108.2
108.1
108.1
108.1
108.1
108.1
108.2
108.2
108.2
108.2
99.0
107.1
107.1
107.2
107.4
107.6
107.7
107.8
107.9
107.9
108.0
108.0
108.0
108.0
108.1
108.1
108.1
108.1
108.2
108.2
108.2
108.3
108.3
108.3
108.3
108.3
108.4
108.4
108.4
108.4
108.5
108.5
108.5
108.5
108.5
95.2
104.6
104.8
105.2
105.6
106.0
106.3
106.5
106.7
106.9
107.1
107.2
107.3
107.4
107.4
107.5
107.6
107.6
107.7
107.7
107.8
107.8
107.8
107.9
108.0
108.0
108.0
108.1
108.1
108.1
108.2
108.2
108.3
108.3
108.3
108.1
94.2
105.4
105.8
106.3
106.6
107.0
107.2
107.5
107.8
108.0
108.2
107.7
107.8
108.0
108.2
108.3
108.4
108.5
108.7
108.7
108.8
108.9
108.9
109.0
109.0
109.1
109.1
109.1
109.2
109.2
109.2
103.1
109.2
109.3
109.3
109.4
109.5
109.6
109.6
109.7
109.7
109.8
109.8
109.8
109.9
109.9
109.9
109.9
109.9
109.9
109.9
110.0
110.0
110.0
110.1
110.1
110.1
110.1
110.1
110.1
110.1
110.1
110.1
110.1
110.1
110.1
110.1
110.1
110.1
109.8
99.8
108.7
108.7
108.9
108.9
109.0
109.1
109.1
109.2
109.2
109.2
109.2
109.3
109.3
109.3
109.4
109.4
109.4
109.4
109.4
109.4
109.4
109.4
109.4
109.5
109.5
109.5
109.5
109.5
109.6
109.6
109.6
109.6
109.6
109.6
109.6
109.6
109.5
109.5
99.0
108.7
108.8
108.9
109.0
109.1
109.2
109.3
109.4
109.4
109.5
109.6
109.6
109.6
109.7
109.7
109.7
109.7
109.7
109.7
109.8
109.8
109.8
109.8
109.8
109.8
109.9
109.9
109.9
109.9
109.9
109.9
109.9
110.0
110.0
109.9
109.9
109.9
109.9
