26.0
26.2
26.1
26.1
26.1
26.1
26.0
25.9
25.9
25.9
25.9
31.2
43.8
43.8
43.9
43.9
44.0
44.0
44.1
44.1
44.1
43.5
26.4
26.3
26.2
26.2
26.1
26.0
26.0
26.0
26.0
25.9
41.1
41.4
41.7
42.0
42.2
42.4
42.6
42.9
43.0
43.1
28.9
28.5
28.2
27.9
27.6
27.4
27.2
27.1
26.9
26.8
34.3
43.6
43.6
43.6
43.6
43.6
43.6
43.6
43.6
43.7
36.1
26.2
26.2
26.2
26.2
26.1
26.1
26.1
26.1
26.0
26.0
41.6
41.8
42.1
42.4
42.6
42.8
43.0
43.1
43.2
43.3
28.7
28.3
28.0
27.7
27.5
27.3
27.2
27.0
26.8
26.7
33.9
43.4
43.4
43.5
43.5
43.5
43.6
43.6
43.7
43.7
36.4
25.7
25.7
25.7
25.7
25.8
25.7
25.8
25.8
25.8
25.9
43.4
43.4
43.4
43.4
43.5
43.5
43.5
43.5
