26.4
34.7
69.6
98.3
98.3
98.5
98.6
98.7
98.9
99.0
99.1
99.2
99.4
99.5
99.5
99.7
99.8
99.9
100.0
100.1
100.1
100.2
100.2
100.3
100.3
100.4
100.4
100.5
100.5
100.6
100.6
100.6
100.7
100.7
100.7
100.7
100.7
100.7
100.8
100.7
100.7
100.8
100.8
100.8
100.8
100.8
100.8
100.9
100.9
100.9
100.9
100.9
100.9
101.0
101.0
101.0
101.0
101.0
100.9
101.0
101.0
101.0
101.1
101.1
101.0
101.0
101.1
101.0
101.1
101.1
101.0
101.1
101.1
101.1
101.1
101.1
101.1
101.1
101.1
101.1
101.1
101.1
101.1
101.1
101.1
101.1
101.1
101.1
101.1
101.1
101.2
101.1
101.1
101.1
101.1
101.1
101.1
101.1
101.1
101.0
101.1
101.1
101.1
101.1
101.1
101.1
101.1
101.2
101.1
101.2
101.2
101.2
101.2
101.3
101.3
101.3
101.3
101.3
101.3
101.3
101.3
101.3
101.3
101.4
101.4
101.3
101.3
101.4
101.4
101.3
101.3
101.3
101.4
101.3
101.3
101.3
101.4
101.3
