26.3
47.2
35.1
34.5
34.0
33.5
33.2
32.9
32.7
32.3
32.2
32.1
31.9
31.8
31.6
31.5
31.5
31.4
31.4
31.4
31.4
31.4
31.4
31.4
31.3
31.3
31.4
31.3
31.3
31.2
31.1
31.0
30.9
30.9
30.9
30.9
31.0
31.0
31.0
31.0
31.0
31.0
31.0
31.0
31.0
31.0
31.1
31.1
31.1
31.0
31.0
31.2
31.2
31.2
31.1
31.1
31.1
31.1
31.1
31.1
31.1
31.1
31.1
31.1
31.0
31.1
31.1
31.1
31.2
31.1
31.1
31.1
31.0
31.0
31.0
31.1
31.1
31.1
31.0
31.0
31.0
31.0
30.9
30.7
30.4
30.2
30.2
30.0
29.9
29.8
29.8
29.8
29.6
29.6
29.6
29.6
29.7
29.8
29.8
29.6
29.6
29.6
29.7
29.6
29.5
