25.8
26.1
26.0
26.0
25.9
25.9
25.9
25.8
25.8
25.8
25.8
39.9
47.2
47.2
47.3
47.3
47.3
47.4
47.4
47.5
47.5
33.9
26.2
26.2
26.1
26.1
26.1
26.0
26.0
25.9
25.9
32.2
47.4
47.4
47.4
47.5
47.5
47.5
47.5
47.5
47.5
41.8
26.2
26.1
26.0
26.0
25.9
25.9
25.9
25.9
25.9
25.9
45.5
45.7
45.9
46.1
46.3
46.4
46.6
46.7
46.8
47.0
29.1
28.6
28.3
27.9
27.6
27.4
27.2
27.0
26.9
26.7
27.3
47.2
47.2
47.2
47.3
47.3
47.3
47.4
47.4
47.4
41.8
26.2
26.1
26.1
26.0
25.9
25.9
25.9
25.9
25.9
25.8
44.3
44.6
45.0
45.3
45.6
45.8
46.0
46.2
46.4
46.5
29.3
28.8
28.4
28.0
27.8
27.5
27.3
27.1
26.9
26.8
40.1
47.4
47.4
47.4
47.4
47.4
47.4
47.4
47.5
